EXCHANGE%3DNYSEARCA
MARKET_OPEN_MINUTE=570
MARKET_CLOSE_MINUTE=960
INTERVAL=60
COLUMNS=DATE,CLOSE,HIGH,LOW,OPEN,VOLUME
DATA=
TIMEZONE_OFFSET=-300
a1424961000,48.09,48.09,48.09,48.09,1892
30,47.88,47.89,47.88,47.88,500
48,47.84,47.84,47.84,47.84,200
49,47.84,47.84,47.84,47.84,200
84,47.81,47.81,47.81,47.81,100
88,47.81,47.81,47.81,47.81,100
90,47.82,47.82,47.82,47.82,100
131,47.91,47.91,47.91,47.91,851
143,47.9,47.9,47.9,47.9,100
151,47.93,47.93,47.93,47.93,300
159,47.89,47.89,47.89,47.89,200
166,47.83,47.83,47.83,47.83,100
240,47.83,47.83,47.83,47.83,100
257,47.81,47.81,47.81,47.81,100
258,47.82,47.82,47.82,47.82,1287
259,47.82,47.82,47.82,47.82,2300
260,47.81,47.81,47.8,47.8,500
262,47.82,47.82,47.81,47.81,200
a1425047400,47.97,47.97,47.97,47.97,1200
9,47.83,47.83,47.83,47.83,100
16,47.8,47.8,47.8,47.8,100
23,47.8,47.8,47.8,47.8,100
30,47.67,47.71,47.67,47.71,200
32,47.75,47.75,47.71,47.71,500
41,47.7,47.7,47.7,47.7,100
43,47.72,47.72,47.72,47.72,900
45,47.71,47.71,47.71,47.71,100
46,47.72,47.72,47.72,47.72,100
47,47.75,47.75,47.75,47.75,100
49,47.73,47.73,47.73,47.73,100
50,47.74,47.74,47.74,47.74,100
53,47.72,47.72,47.72,47.72,200
55,47.73,47.73,47.72,47.72,200
57,47.72,47.72,47.72,47.72,100
61,47.7,47.7,47.7,47.7,100
62,47.75,47.75,47.75,47.75,100
65,47.72,47.72,47.72,47.72,100
68,47.73,47.73,47.73,47.73,400
74,47.74,47.74,47.74,47.74,200
75,47.76,47.76,47.74,47.75,300
76,47.76,47.76,47.76,47.76,200
78,47.78,47.78,47.78,47.78,100
92,47.81,47.81,47.81,47.81,100
234,47.96,47.97,47.94,47.94,15269
235,47.95,47.96,47.94,47.94,2600
236,47.95,47.955,47.94,47.955,1700
237,47.95,47.95,47.94,47.95,17400
239,47.95,47.95,47.95,47.95,4800
240,47.96,47.96,47.96,47.96,300
241,47.95,47.95,47.95,47.95,800
242,47.96,47.96,47.95,47.95,400
243,47.96,47.96,47.96,47.96,100
252,47.88,47.88,47.88,47.88,100
293,47.9,47.9,47.9,47.9,600
319,47.82,47.82,47.82,47.82,900
342,47.84,47.87,47.84,47.87,2800
343,47.86,47.87,47.85,47.85,3100
351,47.86,47.87,47.86,47.86,3800
352,47.86,47.86,47.86,47.86,600
358,47.87,47.87,47.87,47.87,5000
373,47.95,47.95,47.95,47.95,5000
374,47.93,47.93,47.93,47.93,100
390,47.93,47.93,47.93,47.93,400
a1425306600,47.78,47.78,47.78,47.78,161
29,47.4,47.49,47.4,47.49,400
34,47.41,47.42,47.41,47.42,200
49,47.33,47.33,47.33,47.33,100
111,47.08,47.08,47.08,47.08,100
125,47.11,47.11,47.11,47.11,100
138,47.12,47.12,47.12,47.12,100
196,47.04,47.04,46.99,47.02,7382
236,47.17,47.17,47.17,47.17,267
254,47.26,47.26,47.22,47.23,672
255,47.26,47.26,47.26,47.26,100
267,47.211,47.211,47.211,47.211,635
271,47.29,47.29,47.25,47.25,336
292,47.22,47.22,47.22,47.22,764
313,47.2,47.2,47.2,47.2,900
324,47.26,47.26,47.22,47.22,200
334,47.24,47.24,47.24,47.24,341
336,47.25,47.25,47.25,47.25,500
339,47.25,47.25,47.25,47.25,600
341,47.24,47.24,47.24,47.24,300
342,47.27,47.27,47.27,47.27,400
343,47.26,47.26,47.26,47.26,100
349,47.22,47.22,47.22,47.22,800
351,47.21,47.21,47.21,47.21,200
359,47.22,47.22,47.22,47.22,114
375,47.22,47.22,47.22,47.22,200
377,47.24,47.24,47.24,47.24,106
379,47.25,47.25,47.25,47.25,900
381,47.25,47.25,47.25,47.25,100
385,47.23,47.23,47.23,47.23,800
387,47.22,47.22,47.22,47.22,200
389,47.23,47.23,47.23,47.23,661
390,47.23,47.23,47.23,47.23,200
a1425393000,47.12,47.12,47.12,47.12,981
13,46.92,46.92,46.91,46.92,2954
50,46.83,46.88,46.83,46.88,1000
66,46.98,46.98,46.98,46.98,100
67,46.92,46.92,46.92,46.92,200
74,46.94,46.94,46.94,46.94,129
125,47.03,47.03,47.03,47.03,100
145,47.02,47.02,47.02,47.02,100
263,47.11,47.12,47.11,47.12,1100
271,47.11,47.11,47.11,47.11,800
272,47.1,47.11,47.08,47.09,5950
273,47.1,47.1,47.08,47.08,900
280,47.1,47.1,47.1,47.1,100
282,47.11,47.11,47.11,47.11,4200
283,47.12,47.12,47.11,47.11,17009
284,47.11,47.12,47.1,47.12,400
285,47.09,47.1,47.09,47.1,300
289,47.11,47.11,47.11,47.11,100
293,47.11,47.11,47.11,47.11,100
313,47.05,47.05,47.05,47.05,31754
314,47.03,47.03,47.03,47.03,200
316,47.06,47.06,47.03,47.03,3100
317,47.05,47.06,47.05,47.06,2700
319,47.05,47.05,47.05,47.05,23700
320,47.05,47.05,47.05,47.05,1400
321,47.05,47.05,47.05,47.05,6000
322,47.05,47.05,47.05,47.05,10000
323,47.02,47.05,47.02,47.05,31900
324,47.02,47.02,47.02,47.02,119000
325,47.05,47.05,47.03,47.04,122400
327,47.05,47.06,47.05,47.06,134800
328,47.05,47.07,47.05,47.05,20300
329,47.05,47.05,47.05,47.05,89400
331,47.05,47.05,47.05,47.05,27100
333,47.04,47.04,47.04,47.04,100
336,47.05,47.05,47.05,47.05,11000
337,47.05,47.05,47.05,47.05,22922
338,47.05,47.05,47.05,47.05,24950
349,47.01,47.03,46.97,47.03,293300
350,47.02,47.02,47.01,47.01,197400
354,47.05,47.05,47.05,47.05,124950
355,47.05,47.05,47.05,47.05,49900
356,47.06,47.06,47.06,47.06,13000
357,47.07,47.07,47.07,47.07,1300
358,47.07,47.07,47.07,47.07,2500
367,47.08,47.08,47.08,47.08,800
369,47.08,47.08,47.08,47.08,600
376,47.08,47.08,47.08,47.08,100
385,47.1,47.1,47.1,47.1,900
387,47.12,47.12,47.12,47.12,100
390,47.13,47.13,47.13,47.13,200
a1425479400,46.81,46.81,46.81,46.81,1551
8,46.67,46.67,46.67,46.67,100
28,46.68,46.68,46.67,46.67,200
30,46.67,46.67,46.67,46.67,200
32,46.64,46.64,46.64,46.64,200
34,46.63,46.65,46.63,46.65,600
58,46.61,46.61,46.61,46.61,709
59,46.6,46.6,46.6,46.6,100
199,46.75,46.75,46.75,46.75,200
200,46.76,46.77,46.76,46.77,200
202,46.73,46.73,46.73,46.73,800
304,46.7,46.7,46.7,46.7,100
390,46.73,46.73,46.73,46.73,105
a1425565800,46.81,46.81,46.81,46.81,10103
14,46.93,46.93,46.93,46.93,100
45,47.02,47.02,47.02,47.02,200
62,47.04,47.04,47.04,47.04,200
78,47.04,47.04,47.04,47.04,100
95,47.02,47.02,47.02,47.02,200
111,46.95,46.95,46.95,46.95,200
127,46.94,46.94,46.94,46.94,200
144,46.94,46.94,46.94,46.94,200
155,46.941,46.941,46.941,46.941,150
160,46.94,46.94,46.94,46.94,200
176,46.94,46.94,46.94,46.94,200
207,46.87,46.87,46.87,46.87,200
222,46.87,46.87,46.87,46.87,200
237,46.88,46.88,46.88,46.88,200
253,46.89,46.89,46.89,46.89,100
258,46.96,46.96,46.96,46.96,100
268,46.99,46.99,46.99,46.99,200
274,47.06,47.06,47.03,47.03,200
277,47.04,47.04,47.04,47.04,100
287,47.02,47.02,47.02,47.02,100
309,47.02,47.02,47.02,47.02,200
323,47.01,47.01,47.01,47.01,200
336,47.02,47.02,47.02,47.02,200
349,47.02,47.02,47.02,47.02,200
362,47.02,47.02,47.02,47.02,200
386,47,47.01,47,47.01,200
390,47,47,47,47,101
a1425652200,46.39,46.39,46.39,46.39,106
67,46.01,46.01,46.01,46.01,1000
137,45.75,45.75,45.75,45.75,700
200,45.73,45.73,45.73,45.73,100
271,45.71,45.71,45.71,45.71,100
321,45.64,45.64,45.63,45.63,300
324,45.66,45.66,45.65,45.65,200
336,45.72,45.72,45.72,45.72,100
374,45.54,45.54,45.53,45.53,2800
379,45.6,45.6,45.6,45.6,100
TIMEZONE_OFFSET=-240
a1425907800,45.7,45.7,45.7,45.7,1003
64,45.76,45.77,45.76,45.77,200
66,45.77,45.77,45.76,45.76,500
68,45.78,45.78,45.78,45.78,100
94,45.81,45.81,45.81,45.81,100
112,45.73,45.73,45.73,45.73,100
114,45.69,45.69,45.69,45.69,100
122,45.7,45.7,45.7,45.7,100
129,45.65,45.65,45.65,45.65,100
134,45.67,45.67,45.67,45.67,100
144,45.65,45.65,45.65,45.65,100
146,45.65,45.65,45.65,45.65,100
153,45.62,45.62,45.62,45.62,300
167,45.62,45.62,45.62,45.62,200
230,45.75,45.75,45.75,45.75,100
266,45.8,45.8,45.8,45.8,100
268,45.8,45.8,45.8,45.8,100
353,45.75,45.75,45.75,45.75,100
360,45.75,45.75,45.75,45.75,100
388,45.69,45.69,45.69,45.69,100
a1425994200,45.27,45.27,45.27,45.27,944
42,45.42,45.42,45.41,45.41,200
59,45.46,45.46,45.46,45.46,100
61,45.5,45.5,45.5,45.5,200
64,45.55,45.55,45.55,45.55,100
72,45.55,45.55,45.55,45.55,100
76,45.55,45.55,45.55,45.55,100
104,45.59,45.59,45.59,45.59,100
117,45.54,45.54,45.54,45.54,1000
212,45.29,45.3,45.29,45.3,200
382,45.24,45.24,45.24,45.24,100
386,45.23,45.23,45.23,45.23,1300
389,45.22,45.23,45.22,45.23,600
390,45.19,45.19,45.19,45.19,800
a1426080600,45.14,45.14,45.14,45.14,11111
6,45.24,45.24,45.22,45.23,1400
7,45.23,45.23,45.23,45.23,300
9,45.3,45.3,45.3,45.3,100
54,45.1,45.1,45.1,45.1,100
78,44.94,44.95,44.94,44.95,200
103,44.95,44.95,44.95,44.95,100
129,45.05,45.05,45.05,45.05,200
158,45.05,45.05,45.05,45.05,100
186,45.05,45.05,45.05,45.05,100
216,45.07,45.07,45.07,45.07,200
219,45.15,45.15,45.15,45.15,100
247,45.081,45.081,45.081,45.081,200
249,45.081,45.081,45.081,45.081,250
251,45.08,45.08,45.08,45.08,200
299,45.07,45.07,45.07,45.07,200
339,45.16,45.16,45.16,45.16,100
340,45.15,45.15,45.15,45.15,155
343,45.08,45.08,45.08,45.08,420
374,45.03,45.03,45.03,45.03,100
a1426167000,45.24,45.24,45.24,45.24,178
84,45.42,45.42,45.42,45.42,100
a1426253400,45.41,45.41,45.41,45.41,539
82,45.01,45.01,45.01,45.01,100
90,45,45,45,45,2500
139,44.8,44.8,44.8,44.8,100
140,44.77,44.77,44.77,44.77,600
189,44.97,44.97,44.97,44.97,300
263,45,45,45,45,100
278,45.02,45.02,45.02,45.02,800
282,44.98,44.98,44.98,44.98,100
286,44.96,44.96,44.96,44.96,100
308,44.94,44.94,44.94,44.94,100
360,44.94,44.94,44.94,44.94,100
373,45.03,45.03,45.03,45.03,100
390,45.05,45.05,45.05,45.05,1471
a1426512600,45.28,45.28,45.28,45.28,216
6,45.39,45.39,45.37,45.37,200
22,45.55,45.55,45.55,45.55,399
247,45.69,45.69,45.69,45.69,100
249,45.68,45.68,45.68,45.68,100
251,45.68,45.68,45.68,45.68,100
290,45.62,45.62,45.62,45.62,100
a1426599000,45.55,45.55,45.55,45.55,1334
5,45.75,45.75,45.75,45.75,100
24,45.7,45.7,45.7,45.7,100
79,45.78,45.78,45.77,45.77,1400
181,45.69,45.7,45.67,45.67,4200
182,45.69,45.69,45.69,45.69,2176
183,45.6,45.6,45.6,45.6,100
313,45.72,45.72,45.72,45.72,110
389,45.71,45.71,45.71,45.71,281
a1426685400,45.71,45.71,45.71,45.71,1155
13,45.62,45.62,45.62,45.62,100
39,45.99,45.99,45.99,45.99,600
43,46.03,46.03,46.03,46.03,1300
59,45.98,45.98,45.98,45.98,100
76,45.93,45.93,45.93,45.93,100
77,46.03,46.03,46.03,46.03,800
219,46.03,46.03,46.03,46.03,100
221,45.94,45.94,45.94,45.94,200
292,46.7,46.7,46.7,46.7,100
299,46.73,46.73,46.73,46.73,200
