EXCHANGE%3DNYSEARCA
MARKET_OPEN_MINUTE=570
MARKET_CLOSE_MINUTE=960
INTERVAL=60
COLUMNS=DATE,CLOSE,HIGH,LOW,OPEN,VOLUME
DATA=
TIMEZONE_OFFSET=-240
a1426791300,108.31,108.31,108.31,108.31,200
6,108.37,108.37,108.37,108.37,200
9,108.37,108.37,108.37,108.37,200
10,108.38,108.39,108.38,108.39,400
11,108.4,108.4,108.39,108.39,300
12,108.37,108.37,108.37,108.37,1000
13,108.34,108.35,108.34,108.35,290
15,108.35,108.35,108.35,108.35,100
17,108.33,108.33,108.33,108.33,100
21,108.33,108.33,108.33,108.33,200
22,108.31,108.31,108.31,108.31,440
25,108.29,108.29,108.29,108.29,200
26,108.25,108.25,108.25,108.25,100
27,108.23,108.23,108.23,108.23,100
29,108.22,108.22,108.22,108.22,100
30,108.17,108.17,108.17,108.17,200
35,108.22,108.22,108.22,108.22,100
36,108.21,108.24,108.18,108.23,887
37,108.23,108.23,108.23,108.23,100
39,108.3,108.3,108.3,108.3,100
40,108.31,108.31,108.31,108.31,100
41,108.3,108.3,108.3,108.3,100
42,108.24,108.26,108.24,108.26,200
44,108.31,108.31,108.31,108.31,100
48,108.22,108.27,108.22,108.27,200
50,108.18,108.18,108.18,108.18,100
55,108.23,108.23,108.23,108.23,100
56,108.22,108.22,108.21,108.21,200
58,108.19,108.19,108.19,108.19,400
59,108.16,108.16,108.16,108.16,100
60,108.18,108.18,108.16,108.16,200
64,108.14,108.17,108.14,108.17,1100
65,108.15,108.16,108.15,108.16,2154
a1426858200,108.64,108.64,108.61,108.61,4963
4,108.64,108.64,108.64,108.64,200
5,108.73,108.73,108.73,108.73,100
7,108.69,108.73,108.69,108.73,300
9,108.73,108.73,108.73,108.73,100
12,108.7,108.7,108.7,108.7,100
16,108.65,108.65,108.65,108.65,600
18,108.7,108.72,108.7,108.72,400
20,108.6,108.6,108.6,108.6,125
23,108.69,108.69,108.69,108.69,200
29,108.77,108.77,108.77,108.77,100
30,108.77,108.77,108.77,108.77,100
31,108.78,108.78,108.78,108.78,100
37,108.78,108.78,108.78,108.78,100
38,108.79,108.79,108.77,108.77,200
40,108.77,108.77,108.769,108.769,964
42,108.73,108.73,108.73,108.73,100
46,108.79,108.79,108.77,108.77,400
49,108.84,108.84,108.84,108.84,100
50,108.81,108.84,108.81,108.84,400
52,108.86,108.86,108.86,108.86,100
56,108.82,108.84,108.82,108.84,300
57,108.78,108.78,108.78,108.78,100
59,108.82,108.82,108.82,108.82,100
60,108.82,108.82,108.82,108.82,200
63,108.9,108.9,108.9,108.9,100
64,108.9,108.9,108.9,108.9,100
65,108.88,108.88,108.88,108.88,100
66,108.87,108.87,108.87,108.87,200
67,108.97,108.97,108.93,108.93,655
68,108.98,108.98,108.98,108.98,100
73,108.95,108.95,108.95,108.95,200
74,109,109,109,109,100
75,109,109,109,109,200
77,108.96,108.96,108.96,108.96,100
78,108.91,108.95,108.91,108.95,1325
88,108.92,108.92,108.92,108.92,100
92,108.95,108.95,108.95,108.95,100
94,108.99,108.99,108.99,108.99,100
95,109,109,108.99,108.99,600
99,108.93,108.94,108.93,108.94,300
103,108.95,108.95,108.95,108.95,200
106,109.01,109.01,108.97,108.97,500
112,108.95,108.95,108.95,108.95,100
114,108.97,108.97,108.97,108.97,100
115,109,109,109,109,100
121,109.06,109.06,109.06,109.06,321
124,109.05,109.05,109.05,109.05,424
126,109.05,109.05,109.05,109.05,100
136,109.02,109.04,109.02,109.04,200
137,109.03,109.03,109.03,109.03,107
139,109.02,109.02,109.02,109.02,100
144,109.02,109.02,109.02,109.02,100
145,109.01,109.02,109.01,109.02,200
151,109,109.02,109,109.02,500
155,109.05,109.06,109.04,109.04,1630
156,109.04,109.04,109.04,109.04,100
157,109.04,109.04,109.04,109.04,200
163,109.038,109.038,109.038,109.038,100
165,109.04,109.04,109.04,109.04,100
173,109,109,109,109,100
177,108.99,108.99,108.99,108.99,100
179,109,109,109,109,600
181,108.98,108.98,108.98,108.98,100
185,109.02,109.02,109.02,109.02,200
186,109,109,109,109,100
187,109.019,109.019,109.018,109.018,700
188,108.98,108.98,108.98,108.98,100
192,108.99,108.99,108.99,108.99,100
195,109.05,109.05,109.05,109.05,175
196,109.04,109.04,109.04,109.04,100
197,109.03,109.03,109.03,109.03,100
203,109.07,109.07,109.06,109.06,382
204,109.15,109.15,109.13,109.14,2200
205,109.15,109.15,109.15,109.15,418
207,109.14,109.14,109.14,109.14,200
209,109.15,109.15,109.15,109.15,100
211,109.13,109.13,109.13,109.13,100
217,109.17,109.17,109.17,109.17,100
219,109.2,109.2,109.2,109.2,100
222,109.17,109.17,109.17,109.17,100
223,109.17,109.17,109.16,109.16,300
226,109.17,109.17,109.17,109.17,100
227,109.2,109.2,109.2,109.2,325
229,109.25,109.25,109.25,109.25,146
231,109.269,109.269,109.268,109.268,525
232,109.24,109.24,109.24,109.24,100
235,109.23,109.23,109.22,109.22,200
236,109.22,109.22,109.22,109.22,100
241,109.23,109.23,109.23,109.23,275
243,109.21,109.21,109.21,109.21,275
244,109.22,109.22,109.22,109.22,275
245,109.23,109.23,109.23,109.23,2720
250,109.22,109.23,109.22,109.23,200
253,109.24,109.24,109.24,109.24,100
255,109.24,109.24,109.24,109.24,185
257,109.23,109.23,109.23,109.23,400
260,109.24,109.25,109.24,109.25,200
262,109.23,109.23,109.23,109.23,100
264,109.22,109.22,109.22,109.22,200
265,109.21,109.21,109.2,109.21,4257
266,109.2,109.2,109.2,109.2,259
267,109.19,109.19,109.19,109.19,200
270,109.21,109.21,109.21,109.21,100
271,109.22,109.22,109.22,109.22,100
272,109.24,109.24,109.24,109.24,100
273,109.24,109.24,109.24,109.24,100
275,109.22,109.22,109.22,109.22,200
277,109.21,109.21,109.21,109.21,200
278,109.21,109.21,109.21,109.21,100
279,109.25,109.25,109.23,109.23,200
281,109.2,109.21,109.2,109.21,200
282,109.19,109.19,109.19,109.19,100
283,109.17,109.17,109.17,109.17,200
286,109.17,109.17,109.17,109.17,100
287,109.18,109.18,109.18,109.18,200
288,109.17,109.18,109.17,109.18,200
290,109.17,109.18,109.17,109.18,584
292,109.16,109.16,109.16,109.16,200
293,109.17,109.17,109.17,109.17,100
294,109.16,109.16,109.16,109.16,200
296,109.1,109.15,109.1,109.15,500
298,109.11,109.11,109.11,109.11,348
300,109.13,109.13,109.13,109.13,100
301,109.12,109.12,109.12,109.12,100
303,109.13,109.13,109.13,109.13,100
306,109.16,109.16,109.16,109.16,300
308,109.19,109.19,109.19,109.19,3741
310,109.19,109.19,109.19,109.19,200
312,109.16,109.16,109.16,109.16,200
313,109.16,109.16,109.16,109.16,100
316,109.17,109.17,109.17,109.17,100
317,109.15,109.15,109.15,109.15,100
318,109.12,109.14,109.12,109.14,200
322,109.14,109.14,109.14,109.14,100
324,109.149,109.149,109.149,109.149,150
325,109.16,109.16,109.15,109.15,400
330,109.21,109.21,109.21,109.21,277
332,109.19,109.19,109.19,109.19,200
334,109.21,109.21,109.21,109.21,100
341,109.19,109.19,109.19,109.19,200
342,109.2,109.2,109.2,109.2,100
344,109.19,109.19,109.19,109.19,100
346,109.11,109.11,109.11,109.11,200
348,109.04,109.04,109.04,109.04,100
349,109.04,109.04,109.04,109.04,100
350,109,109,109,109,100
352,108.93,108.93,108.93,108.93,145
355,108.96,108.96,108.96,108.96,636
358,108.921,108.921,108.921,108.921,170
359,108.94,108.94,108.94,108.94,581
361,109.01,109.01,108.96,108.96,300
362,108.961,108.962,108.961,108.962,300
364,108.97,108.97,108.97,108.97,100
367,108.93,108.97,108.93,108.97,300
368,108.95,108.95,108.95,108.95,100
370,109.01,109.01,109.01,109.01,100
371,109.02,109.02,109.02,109.02,100
373,109.03,109.03,109.03,109.03,100
375,109,109,109,109,100
378,109.01,109.04,109.01,109.03,2455
379,109.03,109.03,109.01,109.01,400
380,109.02,109.02,109.02,109.02,600
381,109.02,109.02,109.02,109.02,100
382,108.98,108.99,108.98,108.99,300
383,108.93,108.93,108.93,108.93,200
384,108.89,108.89,108.89,108.89,100
386,108.87,108.87,108.87,108.87,100
389,108.86,108.86,108.85,108.85,500
390,108.77,108.83,108.76,108.83,4975
a1427117400,108.85,108.85,108.85,108.85,15228
3,108.95,108.95,108.95,108.95,290
4,108.9,108.9,108.9,108.9,125
6,108.98,108.98,108.98,108.98,200
7,108.87,108.87,108.87,108.87,400
12,109.04,109.04,109.04,109.04,200
14,109.06,109.1,109.06,109.1,200
15,109.06,109.06,109.06,109.06,200
28,108.93,108.93,108.93,108.93,200
30,108.86,108.86,108.86,108.86,100
31,108.86,108.86,108.86,108.86,100
35,108.93,108.93,108.93,108.93,200
40,108.96,108.96,108.96,108.96,100
43,109.039,109.039,109.038,109.038,600
45,109.06,109.06,109.06,109.06,200
46,109.06,109.06,109.06,109.06,103
55,109.09,109.09,109.09,109.09,100
68,108.94,108.94,108.94,108.94,200
81,109.01,109.01,109.01,109.01,496
91,108.85,108.85,108.85,108.85,100
94,108.89,108.89,108.89,108.89,200
106,108.96,108.96,108.96,108.96,100
112,109.03,109.03,109.03,109.03,100
137,108.88,108.88,108.88,108.88,150
139,108.92,108.92,108.92,108.92,100
143,108.93,108.93,108.93,108.93,100
150,109,109,109,109,359
157,108.97,108.97,108.97,108.97,100
161,108.99,108.99,108.99,108.99,200
182,109.04,109.04,109.04,109.04,100
189,109.06,109.06,109.05,109.05,237
191,109.06,109.06,109.06,109.06,100
192,109.06,109.06,109.06,109.06,100
195,109.08,109.08,109.07,109.07,300
208,109.03,109.03,109.03,109.03,500
210,109.03,109.03,109.03,109.03,100
211,109.04,109.04,109.04,109.04,100
223,109.05,109.05,109.05,109.05,100
224,109.04,109.04,109.04,109.04,200
225,109.05,109.05,109.05,109.05,279
237,109.12,109.12,109.12,109.12,100
240,109.08,109.08,109.08,109.08,207
241,109.06,109.06,109.06,109.06,100
255,109.15,109.15,109.15,109.15,100
260,109.13,109.13,109.13,109.13,4000
272,109.13,109.13,109.13,109.13,365
280,109.25,109.25,109.25,109.25,172
281,109.28,109.28,109.28,109.28,200
284,109.26,109.26,109.26,109.26,100
301,109.25,109.26,109.25,109.26,300
303,109.21,109.21,109.21,109.21,200
311,109.25,109.25,109.25,109.25,100
318,109.22,109.22,109.22,109.22,100
320,109.16,109.16,109.16,109.16,100
330,109.14,109.14,109.14,109.14,100
337,109.13,109.13,109.13,109.13,100
339,109.09,109.09,109.09,109.09,1295
344,109.041,109.041,109.041,109.041,300
345,109.05,109.05,109.05,109.05,100
346,109.03,109.03,109.03,109.03,100
349,109.01,109.01,109.01,109.01,3691
353,109.02,109.02,109.02,109.02,100
362,108.97,108.97,108.96,108.96,1042
363,108.99,108.99,108.99,108.99,200
380,108.96,108.97,108.96,108.97,200
381,108.95,108.95,108.95,108.95,100
385,108.93,108.93,108.93,108.93,100
386,108.91,108.92,108.91,108.92,455
388,108.88,108.88,108.88,108.88,250
389,108.88,108.88,108.88,108.88,400
390,108.8,108.83,108.8,108.83,2736
a1427203800,108.8,108.95,108.8,108.95,8887
1,108.95,108.95,108.95,108.95,100
4,108.95,108.95,108.95,108.95,250
5,108.85,108.85,108.85,108.85,390
8,108.84,108.84,108.84,108.84,100
11,108.64,108.64,108.64,108.64,200
12,108.65,108.65,108.65,108.65,100
16,108.63,108.63,108.63,108.63,100
28,108.8,108.8,108.8,108.8,100
33,108.96,108.96,108.96,108.96,442
34,108.92,108.92,108.91,108.91,2288
40,108.98,108.98,108.98,108.98,100
45,108.99,109.01,108.99,109.01,300
46,109.01,109.01,109.01,109.01,100
47,109.04,109.04,109.04,109.04,100
49,109.06,109.06,109.06,109.06,100
57,108.95,108.95,108.95,108.95,200
61,108.98,108.98,108.98,108.98,100
67,108.98,108.98,108.98,108.98,121
70,108.95,108.95,108.95,108.95,200
77,108.96,108.96,108.96,108.96,211
81,108.93,108.93,108.92,108.92,275
89,109.04,109.04,109.04,109.04,200
94,108.95,108.95,108.95,108.95,643
101,109.08,109.08,109.08,109.08,506
114,109.15,109.15,109.15,109.15,100
117,109.13,109.14,109.13,109.14,200
127,109.14,109.14,109.14,109.14,242
151,109.07,109.07,109.07,109.07,400
169,109.1,109.1,109.1,109.1,100
172,109.1,109.1,109.1,109.1,100
175,109.07,109.07,109.07,109.07,440
180,109.06,109.06,109.06,109.06,100
183,108.97,108.97,108.97,108.97,200
186,108.94,108.94,108.94,108.94,261
200,108.92,108.92,108.92,108.92,100
206,108.91,108.91,108.91,108.91,193
213,108.91,108.91,108.91,108.91,4000
216,108.93,108.93,108.93,108.93,200
225,108.9,108.9,108.9,108.9,153
233,108.95,108.95,108.95,108.95,275
240,108.74,108.74,108.74,108.74,100
246,108.76,108.76,108.76,108.76,100
259,108.75,108.75,108.75,108.75,275
260,108.73,108.73,108.73,108.73,300
264,108.82,108.82,108.82,108.82,275
277,108.69,108.69,108.69,108.69,100
280,108.74,108.74,108.74,108.74,175
296,108.615,108.62,108.615,108.62,1400
299,108.59,108.59,108.59,108.59,100
306,108.57,108.57,108.57,108.57,700
310,108.589,108.589,108.589,108.589,320
316,108.64,108.64,108.64,108.64,100
317,108.64,108.64,108.64,108.64,174
323,108.67,108.67,108.67,108.67,100
328,108.67,108.67,108.67,108.67,100
333,108.74,108.74,108.74,108.74,114
336,108.75,108.75,108.75,108.75,100
339,108.79,108.79,108.79,108.79,100
351,108.71,108.78,108.71,108.78,400
353,108.57,108.58,108.57,108.58,300
371,108.67,108.67,108.67,108.67,150
376,108.56,108.56,108.55,108.55,601
377,108.6,108.6,108.6,108.6,100
378,108.62,108.62,108.62,108.62,100
380,108.5,108.5,108.5,108.5,506
383,108.5,108.5,108.5,108.5,100
384,108.51,108.51,108.48,108.48,583
388,108.48,108.48,108.48,108.48,400
389,108.5,108.5,108.49,108.49,200
390,108.5,108.5,108.44,108.49,3569
a1427290200,108.49,108.49,108.49,108.49,7819
1,108.52,108.52,108.52,108.52,100
4,108.37,108.37,108.37,108.37,200
6,108.12,108.12,108.12,108.12,100
7,108,108,108,108,200
8,107.94,107.94,107.94,107.94,100
27,107.51,107.51,107.51,107.51,100
31,107.53,107.53,107.53,107.53,100
45,107.64,107.64,107.64,107.64,200
47,107.62,107.62,107.62,107.62,100
57,107.76,107.79,107.76,107.79,200
74,107.42,107.42,107.42,107.42,100
75,107.4,107.4,107.4,107.4,100
79,107.37,107.37,107.37,107.37,109
81,107.42,107.42,107.37,107.37,900
85,107.51,107.51,107.5,107.5,200
105,107.41,107.41,107.41,107.41,200
121,107.15,107.15,107.15,107.15,100
129,106.88,106.88,106.88,106.88,345
130,106.74,106.74,106.74,106.74,100
131,106.6,106.6,106.6,106.6,100
132,106.58,106.58,106.58,106.58,100
138,106.55,106.55,106.55,106.55,100
140,106.6,106.6,106.6,106.6,100
145,106.59,106.59,106.59,106.59,100
152,106.58,106.58,106.58,106.58,100
154,106.47,106.47,106.47,106.47,100
155,106.5,106.5,106.5,106.5,100
162,106.47,106.47,106.47,106.47,100
171,106.36,106.36,106.36,106.36,100
173,106.3,106.3,106.3,106.3,100
194,106.2,106.23,106.2,106.23,300
204,106.27,106.27,106.27,106.27,100
214,106.43,106.43,106.43,106.43,100
216,106.351,106.351,106.351,106.351,300
221,106.29,106.29,106.29,106.29,100
222,106.25,106.25,106.25,106.25,100
223,106.18,106.18,106.18,106.18,100
227,106.14,106.14,106.14,106.14,200
234,106.08,106.08,106.06,106.06,300
245,106.24,106.24,106.24,106.24,200
254,106.37,106.37,106.37,106.37,100
266,106.35,106.35,106.35,106.35,100
270,106.28,106.31,106.28,106.31,200
271,106.24,106.24,106.24,106.24,100
274,106.26,106.26,106.26,106.26,300
277,106.26,106.26,106.26,106.26,100
278,106.24,106.24,106.24,106.24,100
279,106.2,106.2,106.2,106.2,700
281,106.13,106.13,106.13,106.13,200
286,106.09,106.09,106.09,106.09,500
287,106.202,106.21,106.16,106.16,3900
299,106.24,106.24,106.24,106.24,100
301,106.3,106.3,106.3,106.3,100
302,106.27,106.27,106.27,106.27,100
307,106.21,106.21,106.21,106.21,100
317,106.09,106.09,106.09,106.09,100
321,106.15,106.15,106.15,106.15,100
332,106,106,106,106,970
341,105.92,105.92,105.92,105.92,100
346,106.029,106.029,106,106,200
350,105.96,105.96,105.96,105.96,100
351,105.95,105.95,105.95,105.95,400
352,105.96,105.96,105.96,105.96,100
354,105.85,105.85,105.85,105.85,1600
355,105.87,105.87,105.87,105.87,100
357,105.82,105.82,105.82,105.82,700
360,105.74,105.74,105.74,105.74,100
361,105.74,105.74,105.74,105.74,200
362,105.77,105.77,105.77,105.77,466
363,105.71,105.75,105.71,105.75,700
367,105.759,105.759,105.759,105.759,124
370,105.789,105.789,105.789,105.789,166
374,105.7,105.7,105.7,105.7,100
375,105.75,105.75,105.72,105.72,250
376,105.65,105.74,105.65,105.74,650
377,105.62,105.62,105.62,105.62,600
378,105.58,105.6,105.58,105.6,800
379,105.58,105.58,105.58,105.58,145
380,105.54,105.6,105.54,105.58,1200
381,105.55,105.55,105.55,105.55,200
382,105.52,105.54,105.52,105.54,800
384,105.55,105.55,105.54,105.54,600
385,105.5,105.529,105.5,105.529,725
386,105.569,105.569,105.569,105.569,143
388,105.62,105.62,105.61,105.61,341
389,105.58,105.6,105.57,105.6,979
390,105.52,105.55,105.51,105.55,4744
a1427376600,104.89,104.89,104.89,104.89,10046
1,104.53,104.8,104.53,104.8,7326
2,104.58,104.58,104.58,104.58,100
4,104.43,104.57,104.43,104.57,200
5,104.52,104.55,104.5,104.5,376
6,104.53,104.53,104.53,104.53,100
7,104.71,104.71,104.57,104.57,500
8,104.71,104.71,104.68,104.68,300
10,104.6,104.6,104.6,104.6,550
13,104.9,104.9,104.9,104.9,500
15,104.97,104.97,104.97,104.97,200
21,105.27,105.3,105.27,105.3,286
22,105.29,105.29,105.29,105.29,100
24,105.25,105.25,105.25,105.25,250
30,104.83,104.84,104.83,104.84,475
31,104.87,104.87,104.87,104.87,100
32,104.92,104.92,104.92,104.92,800
33,104.88,104.88,104.88,104.88,100
34,104.92,104.92,104.92,104.92,100
35,104.87,104.9,104.87,104.9,700
36,104.83,104.83,104.83,104.83,100
37,104.64,104.77,104.64,104.77,400
42,104.61,104.61,104.59,104.59,500
47,104.49,104.5,104.49,104.5,700
50,104.55,104.55,104.55,104.55,100
51,104.77,104.77,104.77,104.77,100
52,104.77,104.78,104.74,104.74,11965
53,104.75,104.75,104.75,104.75,900
54,104.73,104.75,104.73,104.75,200
55,104.74,104.74,104.74,104.74,400
56,104.78,104.78,104.78,104.78,100
59,104.86,104.86,104.86,104.86,100
62,104.78,104.78,104.78,104.78,100
64,104.93,104.96,104.93,104.96,200
65,104.91,104.91,104.91,104.91,306
66,104.97,104.97,104.97,104.97,100
68,105.07,105.07,105.07,105.07,100
69,105.14,105.14,105.14,105.14,200
78,105.13,105.13,105.13,105.13,100
81,105.24,105.24,105.24,105.24,200
84,105.24,105.24,105.23,105.23,780
88,105.33,105.33,105.33,105.33,100
90,105.44,105.44,105.44,105.44,100
94,105.35,105.35,105.35,105.35,150
95,105.28,105.28,105.28,105.28,100
96,105.4,105.4,105.4,105.4,100
98,105.48,105.48,105.47,105.47,200
106,105.29,105.29,105.29,105.29,100
109,105.38,105.38,105.38,105.38,100
110,105.22,105.22,105.22,105.22,100
117,105.3,105.3,105.3,105.3,100
123,105.54,105.54,105.52,105.52,555
126,105.53,105.6,105.53,105.6,200
127,105.54,105.54,105.54,105.54,100
131,105.65,105.65,105.65,105.65,268
138,105.65,105.65,105.65,105.65,100
141,105.68,105.68,105.68,105.68,200
149,105.89,105.89,105.89,105.89,125
155,105.82,105.82,105.82,105.82,100
158,105.75,105.75,105.75,105.75,100
167,105.77,105.8,105.77,105.8,300
168,105.75,105.75,105.75,105.75,100
176,105.56,105.56,105.56,105.56,200
178,105.62,105.62,105.58,105.58,800
179,105.57,105.57,105.57,105.57,454
182,105.57,105.57,105.57,105.57,200
187,105.5,105.5,105.5,105.5,220
192,105.5,105.5,105.5,105.5,412
197,105.49,105.49,105.49,105.49,100
201,105.6,105.6,105.6,105.6,100
202,105.66,105.66,105.66,105.66,100
203,105.7,105.7,105.7,105.7,200
205,105.73,105.73,105.73,105.73,100
206,105.75,105.75,105.75,105.75,500
207,105.73,105.73,105.73,105.73,100
208,105.67,105.67,105.67,105.67,100
214,105.67,105.67,105.67,105.67,100
216,105.66,105.66,105.66,105.66,358
218,105.64,105.64,105.64,105.64,100
221,105.68,105.68,105.68,105.68,100
224,105.58,105.63,105.58,105.63,200
227,105.42,105.43,105.42,105.42,800
245,105.66,105.66,105.66,105.66,400
248,105.65,105.65,105.65,105.65,100
249,105.69,105.69,105.68,105.68,200
252,105.86,105.89,105.79,105.79,600
255,105.9,105.9,105.9,105.9,100
264,106,106,105.98,105.98,200
265,105.95,105.95,105.95,105.95,100
266,106,106,106,106,100
267,106,106,106,106,100
270,105.9,105.9,105.9,105.9,100
271,105.92,105.92,105.92,105.92,100
276,105.87,105.89,105.87,105.89,400
285,105.67,105.7,105.67,105.7,500
286,105.72,105.72,105.72,105.72,400
294,105.79,105.79,105.79,105.79,200
300,105.69,105.69,105.69,105.69,200
306,105.79,105.79,105.79,105.79,100
323,105.7,105.7,105.69,105.69,200
328,105.77,105.77,105.77,105.77,100
330,105.64,105.68,105.64,105.68,600
331,105.64,105.64,105.64,105.64,100
335,105.63,105.64,105.63,105.63,2800
344,105.56,105.56,105.56,105.56,340
352,105.6,105.6,105.6,105.6,100
353,105.53,105.53,105.53,105.53,100
360,105.56,105.56,105.56,105.56,200
370,105.72,105.72,105.72,105.72,100
371,105.6,105.6,105.6,105.6,100
372,105.59,105.59,105.59,105.59,100
374,105.58,105.58,105.58,105.58,388
376,105.65,105.65,105.6,105.6,400
377,105.66,105.66,105.66,105.66,100
380,105.65,105.66,105.65,105.66,400
381,105.71,105.71,105.68,105.68,390
383,105.66,105.66,105.66,105.66,100
384,105.64,105.64,105.63,105.63,344
385,105.62,105.62,105.62,105.62,100
386,105.62,105.62,105.62,105.62,400
387,105.58,105.62,105.58,105.62,1750
388,105.59,105.59,105.58,105.58,635
389,105.61,105.61,105.58,105.58,700
390,105.59,105.61,105.55,105.61,8982
a1427463000,105.56,105.56,105.56,105.56,7401
5,105.66,105.67,105.66,105.67,900
15,105.63,105.63,105.63,105.63,100
20,105.71,105.71,105.71,105.71,100
46,105.21,105.21,105.21,105.21,200
48,105.1,105.1,105.1,105.1,375
58,105.25,105.25,105.25,105.25,300
65,105.12,105.12,105.12,105.12,200
85,105.391,105.391,105.391,105.391,150
101,105.45,105.48,105.45,105.48,300
108,105.53,105.53,105.53,105.53,100
117,105.4,105.4,105.4,105.4,100
122,105.38,105.38,105.38,105.38,100
124,105.37,105.37,105.37,105.37,100
135,105.33,105.33,105.33,105.33,100
143,105.35,105.35,105.35,105.35,100
146,105.17,105.17,105.17,105.17,100
149,105.21,105.21,105.21,105.21,100
150,105.23,105.23,105.23,105.23,100
156,105.17,105.17,105.17,105.17,100
157,105.22,105.22,105.22,105.22,600
166,105.22,105.22,105.22,105.22,100
172,105.17,105.17,105.17,105.17,269
179,105.15,105.15,105.15,105.15,500
183,105.23,105.23,105.23,105.23,200
185,105.22,105.22,105.22,105.22,300
187,105.24,105.24,105.23,105.23,512
199,105.18,105.18,105.18,105.18,200
201,105.18,105.18,105.17,105.17,570
202,105.23,105.23,105.23,105.23,600
209,105.26,105.26,105.26,105.26,100
211,105.29,105.29,105.29,105.29,100
212,105.27,105.27,105.27,105.27,100
213,105.28,105.28,105.28,105.28,6200
217,105.24,105.24,105.24,105.24,100
218,105.25,105.25,105.25,105.25,200
219,105.271,105.271,105.271,105.271,140
225,105.26,105.26,105.26,105.26,292
237,105.26,105.26,105.26,105.26,292
240,105.29,105.29,105.29,105.29,100
245,105.34,105.34,105.34,105.34,292
246,105.33,105.33,105.33,105.33,100
257,105.28,105.28,105.28,105.28,100
258,105.26,105.26,105.26,105.26,100
263,105.28,105.28,105.28,105.28,292
265,105.27,105.27,105.27,105.27,200
266,105.31,105.31,105.31,105.31,200
267,105.34,105.34,105.34,105.34,100
270,105.35,105.35,105.35,105.35,100
274,105.38,105.38,105.38,105.38,100
277,105.33,105.35,105.33,105.35,400
278,105.27,105.29,105.27,105.29,300
280,105.27,105.27,105.27,105.27,100
286,105.28,105.28,105.28,105.28,100
287,105.29,105.29,105.29,105.29,100
288,105.28,105.28,105.28,105.28,100
289,105.26,105.26,105.26,105.26,100
295,105.33,105.33,105.33,105.33,292
296,105.34,105.34,105.34,105.34,575
299,105.32,105.32,105.32,105.32,100
301,105.33,105.33,105.33,105.33,100
312,105.27,105.27,105.27,105.27,100
313,105.29,105.29,105.29,105.29,384
315,105.31,105.31,105.31,105.31,592
317,105.3,105.3,105.3,105.3,100
318,105.29,105.29,105.29,105.29,100
319,105.29,105.29,105.29,105.29,100
322,105.31,105.31,105.31,105.31,100
324,105.28,105.28,105.28,105.28,100
329,105.25,105.27,105.25,105.27,500
334,105.36,105.36,105.35,105.35,1825
335,105.36,105.36,105.36,105.36,200
338,105.35,105.38,105.35,105.38,400
340,105.33,105.33,105.33,105.33,200
342,105.33,105.33,105.33,105.33,200
343,105.3,105.3,105.3,105.3,100
363,105.4,105.4,105.37,105.37,400
365,105.58,105.58,105.55,105.55,500
366,105.59,105.59,105.59,105.59,200
368,105.655,105.655,105.59,105.62,2751
369,105.81,105.81,105.81,105.81,200
370,105.87,105.89,105.87,105.89,200
371,105.85,105.85,105.85,105.85,100
372,105.91,105.91,105.9,105.9,300
374,105.87,105.87,105.87,105.87,100
375,105.95,105.95,105.95,105.95,200
376,105.88,105.95,105.88,105.95,200
378,105.82,105.82,105.82,105.82,100
379,105.78,105.78,105.78,105.78,200
380,105.83,105.83,105.82,105.83,300
382,105.9,105.9,105.9,105.9,100
383,105.93,105.93,105.92,105.92,950
385,106.01,106.01,105.96,105.96,700
386,106.07,106.09,106.07,106.09,200
387,106.07,106.1,106.07,106.09,600
388,105.99,106.07,105.99,106.07,1200
389,105.9,105.94,105.9,105.93,500
390,105.85,105.9,105.82,105.88,4235
a1427722200,106.58,106.58,106.58,106.58,10083
1,106.58,106.58,106.58,106.58,350
2,106.74,106.74,106.74,106.74,100
4,106.72,106.72,106.72,106.72,100
5,106.64,106.64,106.64,106.64,100
7,106.61,106.61,106.61,106.61,100
10,106.749,106.749,106.749,106.749,121
12,106.83,106.83,106.83,106.83,146
13,106.9,106.9,106.87,106.87,200
15,106.81,106.81,106.81,106.81,200
16,106.92,106.92,106.9,106.9,200
17,106.92,106.93,106.92,106.93,327
19,107.02,107.02,107.02,107.02,200
21,107.09,107.09,107.09,107.09,100
32,107.12,107.12,107.12,107.12,200
44,106.81,106.81,106.81,106.81,100
57,106.55,106.55,106.55,106.55,400
64,106.74,106.74,106.74,106.74,100
65,106.67,106.7,106.67,106.7,200
66,106.7,106.7,106.66,106.66,600
67,106.64,106.64,106.64,106.64,100
68,106.58,106.58,106.58,106.58,100
77,106.66,106.66,106.66,106.66,100
83,106.67,106.67,106.67,106.67,100
84,106.7,106.7,106.66,106.66,200
85,106.76,106.76,106.76,106.76,100
86,106.75,106.75,106.75,106.75,100
93,106.73,106.73,106.73,106.73,100
94,106.78,106.78,106.78,106.78,100
95,106.74,106.74,106.74,106.74,100
101,106.75,106.75,106.75,106.75,100
102,106.74,106.74,106.72,106.72,200
108,106.94,106.94,106.94,106.94,100
113,106.9,106.9,106.9,106.9,100
118,106.86,106.86,106.86,106.86,100
123,106.8,106.8,106.8,106.8,200
124,106.78,106.78,106.78,106.78,891
125,106.76,106.79,106.76,106.79,800
134,106.81,106.81,106.81,106.81,400
135,106.78,106.78,106.78,106.78,700
136,106.79,106.79,106.79,106.79,199
138,106.77,106.77,106.77,106.77,582
140,106.76,106.76,106.76,106.76,275
151,106.77,106.77,106.76,106.76,200
155,106.78,106.8,106.78,106.8,500
167,106.85,106.85,106.85,106.85,100
168,106.89,106.89,106.89,106.89,100
169,106.93,106.93,106.93,106.93,100
170,106.91,106.91,106.91,106.91,100
181,106.94,106.94,106.94,106.94,200
186,106.95,106.95,106.95,106.95,390
188,106.98,106.98,106.98,106.98,100
199,107,107,107,107,100
200,106.94,106.94,106.94,106.94,100
202,106.98,106.98,106.98,106.98,100
214,107,107,107,107,100
218,107.03,107.03,107.03,107.03,100
224,107.09,107.09,107.09,107.09,185
225,107.05,107.05,107.05,107.05,100
226,107.039,107.039,107.039,107.039,144
227,107.04,107.04,107.04,107.04,100
238,107.07,107.07,107.07,107.07,200
246,107.09,107.09,107.09,107.09,100
249,107.08,107.08,107.08,107.08,100
251,107.02,107.03,107.02,107.03,2300
259,106.99,107,106.98,107,4800
261,106.95,106.95,106.95,106.95,300
265,106.86,106.86,106.86,106.86,100
266,106.94,106.94,106.94,106.94,275
267,106.96,106.96,106.96,106.96,100
268,106.97,106.97,106.97,106.97,300
276,107.05,107.05,107.05,107.05,100
277,107.07,107.07,107.07,107.07,250
278,107.03,107.03,107.03,107.03,600
287,107.1,107.1,107.09,107.09,8476
290,107.06,107.06,107.06,107.06,258
301,107.02,107.02,107.02,107.02,219
304,107.04,107.06,107.04,107.06,1700
305,107.03,107.03,107.03,107.03,264
315,107.04,107.04,107.03,107.03,6020
328,107.009,107.009,107.009,107.009,210
334,107.05,107.05,107.05,107.05,100
343,107.07,107.07,107.07,107.07,100
345,107.04,107.04,107.04,107.04,100
347,107,107,107,107,100
349,107.03,107.03,107.03,107.03,200
354,107.07,107.07,107.07,107.07,200
360,107.01,107.01,107.01,107.01,200
362,107,107,107,107,440
364,106.99,106.99,106.99,106.99,100
370,107.05,107.05,107.04,107.04,200
371,107.04,107.04,107.04,107.04,225
372,107.05,107.05,107.05,107.05,154
373,107.09,107.09,107.09,107.09,200
374,107.12,107.12,107.12,107.12,100
375,107.11,107.11,107.11,107.11,300
379,107.09,107.09,107.09,107.09,200
380,107.13,107.13,107.12,107.12,1100
381,107.1,107.11,107.1,107.11,800
383,107.09,107.09,107.09,107.09,300
385,107.04,107.05,107.04,107.05,347
386,107.06,107.06,107.06,107.06,100
387,107.07,107.07,107.07,107.07,103
389,107.08,107.09,107.07,107.08,500
390,107.05,107.08,107.05,107.08,1052
a1427808600,106.72,106.72,106.72,106.72,8348
10,106.73,106.73,106.71,106.71,200
14,106.62,106.62,106.62,106.62,300
15,106.5,106.5,106.5,106.5,215
22,106.42,106.42,106.42,106.42,100
31,106.69,106.69,106.69,106.69,300
32,106.69,106.69,106.69,106.69,189
34,106.68,106.68,106.68,106.68,100
201,106.65,106.65,106.65,106.65,100
202,106.68,106.68,106.68,106.68,100
215,106.72,106.72,106.72,106.72,100
238,106.83,106.83,106.83,106.83,100
251,106.83,106.83,106.83,106.83,100
259,106.8,106.8,106.8,106.8,259
263,106.78,106.78,106.78,106.78,2925
264,106.77,106.77,106.77,106.77,299
278,106.75,106.75,106.75,106.75,317
305,106.68,106.68,106.68,106.68,100
331,106.84,106.84,106.84,106.84,300
351,106.33,106.33,106.33,106.33,200
355,106.15,106.15,106.15,106.15,100
357,106.27,106.27,106.27,106.27,100
361,106.2,106.2,106.2,106.2,100
373,106.37,106.37,106.37,106.37,100
374,106.33,106.33,106.33,106.33,100
376,106.29,106.29,106.29,106.29,200
377,106.33,106.33,106.33,106.33,100
380,106.34,106.36,106.34,106.36,600
384,106.27,106.27,106.27,106.27,100
390,106.52,106.52,106.34,106.34,3466
a1427895000,106.1,106.1,106.1,106.1,25062
1,106,106,106,106,200
2,106.09,106.09,106.09,106.09,200
6,105.98,105.98,105.98,105.98,250
7,105.96,105.96,105.96,105.96,100
9,105.85,105.93,105.85,105.93,400
14,105.58,105.58,105.54,105.54,1246
16,105.53,105.53,105.49,105.49,1655
20,105.25,105.25,105.25,105.25,100
21,105.1,105.1,105.1,105.1,100
22,105.09,105.09,105.09,105.09,300
30,105.11,105.15,105.05,105.15,700
32,105.17,105.17,105.17,105.17,300
33,105.22,105.22,105.22,105.22,100
35,105.3,105.3,105.3,105.3,100
39,105.17,105.17,105.07,105.07,1200
41,105.21,105.21,105.21,105.21,100
42,105.15,105.21,105.15,105.21,1000
43,105.39,105.39,105.35,105.35,400
44,105.371,105.371,105.37,105.37,388
45,105.29,105.37,105.29,105.33,1276
47,105.34,105.34,105.34,105.34,100
48,105.39,105.39,105.39,105.39,100
49,105.44,105.44,105.39,105.39,300
51,105.55,105.61,105.5,105.5,700
55,105.48,105.51,105.48,105.5,500
59,105.41,105.5,105.41,105.5,700
60,105.47,105.47,105.441,105.441,300
61,105.43,105.47,105.43,105.47,800
63,105.38,105.38,105.38,105.38,100
64,105.32,105.32,105.32,105.32,100
68,105.23,105.31,105.23,105.31,540
70,105.27,105.27,105.27,105.27,200
72,105.53,105.55,105.52,105.55,900
73,105.49,105.49,105.49,105.49,200
79,105.59,105.65,105.59,105.65,400
80,105.63,105.63,105.63,105.63,100
81,105.71,105.71,105.66,105.66,600
82,105.75,105.75,105.73,105.73,945
84,105.66,105.68,105.66,105.68,900
88,105.66,105.66,105.66,105.66,100
90,105.67,105.67,105.67,105.67,100
91,105.73,105.73,105.73,105.73,100
93,105.64,105.64,105.63,105.63,500
94,105.63,105.63,105.63,105.63,100
95,105.64,105.64,105.6,105.6,200
96,105.65,105.65,105.64,105.64,200
97,105.65,105.65,105.65,105.65,100
98,105.61,105.61,105.59,105.59,300
101,105.74,105.77,105.74,105.77,300
102,105.69,105.71,105.69,105.71,600
105,105.86,105.86,105.86,105.86,300
106,105.78,105.83,105.78,105.83,500
113,105.66,105.66,105.66,105.66,100
116,105.62,105.62,105.62,105.62,200
117,105.61,105.61,105.61,105.61,100
118,105.55,105.55,105.55,105.55,100
119,105.501,105.501,105.501,105.501,200
121,105.54,105.54,105.54,105.54,100
122,105.51,105.57,105.51,105.57,500
123,105.54,105.54,105.54,105.54,300
126,105.431,105.431,105.431,105.431,100
130,105.47,105.47,105.46,105.46,700
133,105.5,105.5,105.5,105.5,200
134,105.48,105.48,105.48,105.48,100
139,105.64,105.64,105.64,105.64,100
140,105.631,105.64,105.631,105.64,300
144,105.62,105.62,105.62,105.62,100
147,105.57,105.61,105.57,105.61,304
149,105.54,105.54,105.54,105.54,300
151,105.51,105.51,105.51,105.51,200
155,105.54,105.54,105.54,105.54,100
157,105.43,105.43,105.43,105.43,200
159,105.461,105.461,105.461,105.461,200
161,105.56,105.56,105.56,105.56,200
162,105.45,105.45,105.45,105.45,175
163,105.41,105.41,105.37,105.37,600
171,105.37,105.37,105.37,105.37,100
182,105.53,105.53,105.47,105.49,800
183,105.46,105.47,105.46,105.47,800
186,105.52,105.52,105.52,105.52,200
198,105.4,105.4,105.4,105.4,400
199,105.38,105.38,105.38,105.38,1000
218,105.37,105.37,105.37,105.37,100
227,105.46,105.46,105.46,105.46,100
228,105.46,105.46,105.46,105.46,600
229,105.47,105.47,105.45,105.45,1100
232,105.44,105.44,105.44,105.44,200
233,105.44,105.44,105.44,105.44,100
236,105.44,105.44,105.44,105.44,100
240,105.51,105.51,105.51,105.51,474
241,105.55,105.55,105.55,105.55,100
242,105.54,105.54,105.54,105.54,100
250,105.49,105.49,105.49,105.49,200
256,105.61,105.61,105.61,105.61,200
267,105.75,105.76,105.75,105.76,600
268,105.68,105.71,105.68,105.71,700
271,105.68,105.68,105.68,105.68,200
273,105.64,105.64,105.64,105.64,100
277,105.57,105.57,105.57,105.57,100
284,105.52,105.53,105.52,105.53,500
285,105.45,105.45,105.45,105.45,200
288,105.38,105.38,105.38,105.38,200
292,105.43,105.43,105.43,105.43,200
295,105.47,105.47,105.47,105.47,300
296,105.44,105.46,105.44,105.46,300
299,105.41,105.41,105.41,105.41,100
302,105.29,105.29,105.29,105.29,300
313,105.33,105.33,105.33,105.33,100
314,105.34,105.34,105.34,105.34,200
317,105.36,105.36,105.36,105.36,1865
318,105.33,105.33,105.33,105.33,100
319,105.35,105.35,105.35,105.35,100
322,105.44,105.48,105.44,105.48,1700
323,105.44,105.44,105.42,105.43,1700
326,105.44,105.44,105.44,105.44,100
327,105.45,105.47,105.45,105.47,500
328,105.46,105.46,105.46,105.46,125
330,105.391,105.391,105.39,105.39,300
331,105.39,105.39,105.39,105.39,100
333,105.36,105.36,105.36,105.36,300
334,105.38,105.38,105.38,105.38,532
339,105.25,105.25,105.22,105.22,465
343,105.32,105.32,105.32,105.32,100
345,105.35,105.35,105.35,105.35,300
346,105.36,105.36,105.36,105.36,3500
351,105.33,105.33,105.33,105.33,200
373,105.39,105.39,105.39,105.39,100
379,105.45,105.45,105.45,105.45,100
380,105.46,105.47,105.44,105.47,900
381,105.49,105.49,105.46,105.46,500
382,105.52,105.52,105.52,105.52,150
383,105.52,105.52,105.52,105.52,100
384,105.53,105.53,105.53,105.53,100
385,105.53,105.53,105.53,105.53,100
386,105.58,105.59,105.55,105.55,500
387,105.59,105.61,105.59,105.61,500
388,105.56,105.57,105.56,105.57,200
389,105.58,105.58,105.56,105.57,500
390,105.67,105.67,105.55,105.58,6739
a1427981400,105.75,105.75,105.75,105.75,3987
2,105.64,105.64,105.64,105.64,208
4,105.77,105.77,105.77,105.77,100
5,105.83,105.83,105.83,105.83,100
6,105.8,105.8,105.78,105.78,300
7,105.7,105.7,105.7,105.7,200
8,105.62,105.66,105.62,105.66,922
10,105.55,105.56,105.55,105.56,300
11,105.61,105.61,105.61,105.61,114
12,105.56,105.56,105.491,105.491,300
15,105.67,105.67,105.67,105.67,200
16,105.71,105.71,105.71,105.71,200
18,105.76,105.76,105.76,105.76,100
19,105.78,105.78,105.77,105.77,300
20,105.85,105.85,105.82,105.82,300
23,106.03,106.03,106.03,106.03,200
26,106.13,106.13,106.13,106.13,100
32,106.16,106.16,106.15,106.15,300
35,106.13,106.13,106.13,106.13,100
42,106.06,106.06,106.06,106.06,200
47,105.951,105.951,105.951,105.951,150
56,105.8,105.8,105.8,105.8,232
57,105.78,105.78,105.78,105.78,200
60,105.8,105.8,105.8,105.8,200
67,105.76,105.76,105.76,105.76,100
79,105.76,105.76,105.75,105.75,200
81,105.79,105.8,105.79,105.8,500
82,105.79,105.79,105.79,105.79,100
83,105.78,105.79,105.78,105.79,300
85,105.8,105.8,105.8,105.8,200
88,105.79,105.79,105.79,105.79,100
89,105.77,105.77,105.77,105.77,100
91,105.75,105.75,105.75,105.75,100
95,105.87,105.87,105.87,105.87,100
101,105.75,105.75,105.75,105.75,200
107,105.72,105.72,105.72,105.72,200
113,105.79,105.79,105.79,105.79,200
114,105.8,105.8,105.8,105.8,300
120,105.74,105.76,105.74,105.76,200
122,105.8,105.8,105.8,105.8,100
126,105.83,105.83,105.83,105.83,300
131,105.731,105.731,105.731,105.731,133
134,105.73,105.73,105.73,105.73,100
136,105.74,105.74,105.74,105.74,100
137,105.74,105.74,105.74,105.74,100
139,105.72,105.73,105.72,105.73,400
144,105.78,105.8,105.78,105.8,500
145,105.69,105.72,105.69,105.72,200
153,105.58,105.58,105.58,105.58,200
157,105.47,105.49,105.47,105.49,300
164,105.58,105.58,105.58,105.58,100
165,105.57,105.57,105.57,105.57,100
171,105.56,105.56,105.56,105.56,100
172,105.58,105.58,105.58,105.58,100
176,105.61,105.61,105.61,105.61,100
189,105.65,105.65,105.65,105.65,200
196,105.7,105.7,105.7,105.7,100
205,105.69,105.69,105.69,105.69,100
213,105.63,105.63,105.63,105.63,100
214,105.61,105.61,105.61,105.61,100
219,105.61,105.61,105.61,105.61,100
220,105.63,105.63,105.63,105.63,100
227,105.74,105.74,105.74,105.74,100
228,105.74,105.74,105.74,105.74,100
230,105.79,105.79,105.79,105.79,100
232,105.75,105.75,105.75,105.75,300
245,105.71,105.71,105.71,105.71,100
252,105.67,105.69,105.67,105.69,600
259,105.65,105.65,105.65,105.65,200
260,105.72,105.72,105.71,105.71,1405
261,105.72,105.72,105.72,105.72,100
265,105.69,105.69,105.69,105.69,100
274,105.65,105.66,105.65,105.66,200
283,105.63,105.63,105.63,105.63,400
285,105.661,105.661,105.661,105.661,200
289,105.72,105.72,105.72,105.72,100
292,105.74,105.75,105.74,105.75,500
302,105.69,105.69,105.69,105.69,100
304,105.69,105.69,105.69,105.69,200
312,105.64,105.64,105.64,105.64,300
323,105.55,105.55,105.55,105.55,100
330,105.58,105.58,105.58,105.58,100
333,105.61,105.61,105.61,105.61,400
335,105.62,105.62,105.62,105.62,100
337,105.6,105.6,105.6,105.6,100
338,105.6,105.6,105.6,105.6,400
348,105.55,105.56,105.55,105.56,400
349,105.56,105.56,105.56,105.56,100
356,105.57,105.57,105.57,105.57,100
365,105.57,105.57,105.57,105.57,100
366,105.67,105.67,105.58,105.58,300
367,105.7,105.7,105.7,105.7,100
369,105.72,105.73,105.72,105.73,300
370,105.75,105.75,105.74,105.74,300
371,105.74,105.74,105.74,105.74,300
372,105.74,105.74,105.74,105.74,200
375,105.75,105.75,105.75,105.75,100
376,105.82,105.82,105.79,105.79,1600
377,105.83,105.83,105.83,105.83,300
379,105.82,105.83,105.82,105.83,700
380,105.83,105.83,105.83,105.83,300
381,105.85,105.85,105.85,105.85,325
382,105.82,105.84,105.82,105.82,1100
383,105.81,105.81,105.81,105.81,100
384,105.8,105.8,105.8,105.8,200
385,105.77,105.79,105.77,105.79,400
386,105.77,105.77,105.75,105.76,500
388,105.79,105.8,105.79,105.8,1800
389,105.78,105.78,105.78,105.78,200
390,105.68,105.77,105.68,105.77,2400
a1428327000,105.03,105.08,105.03,105.08,6367
1,105,105,105,105,1176
4,105.02,105.02,105.02,105.02,100
6,105.12,105.12,105.05,105.05,400
9,105.151,105.22,105.151,105.22,200
11,105.37,105.37,105.37,105.37,100
12,105.41,105.41,105.41,105.41,200
13,105.47,105.47,105.47,105.47,200
14,105.45,105.45,105.45,105.45,229
16,105.52,105.52,105.48,105.48,410
19,105.62,105.62,105.58,105.58,636
20,105.68,105.68,105.68,105.68,100
23,105.63,105.63,105.63,105.63,200
27,105.74,105.742,105.74,105.742,200
28,105.69,105.69,105.69,105.69,100
31,105.69,105.69,105.69,105.69,100
33,105.65,105.65,105.65,105.65,147
52,105.88,105.88,105.801,105.801,300
53,106,106,106,106,698
69,106.211,106.211,106.211,106.211,200
76,106.2,106.2,106.2,106.2,100
79,106.16,106.16,106.14,106.14,200
87,106.23,106.23,106.23,106.23,600
88,106.21,106.21,106.21,106.21,100
92,106.211,106.211,106.211,106.211,100
93,106.26,106.26,106.26,106.26,400
105,106.211,106.211,106.211,106.211,100
106,106.21,106.21,106.21,106.21,100
107,106.2,106.21,106.2,106.21,1600
109,106.23,106.23,106.23,106.23,600
110,106.24,106.24,106.23,106.23,4983
111,106.23,106.23,106.23,106.23,100
113,106.25,106.25,106.25,106.25,200
114,106.2,106.2,106.2,106.2,100
115,106.24,106.24,106.21,106.21,200
116,106.25,106.25,106.25,106.25,100
119,106.25,106.25,106.25,106.25,200
120,106.29,106.29,106.26,106.26,300
121,106.27,106.29,106.27,106.29,400
122,106.28,106.28,106.28,106.28,200
124,106.29,106.29,106.29,106.29,100
126,106.29,106.29,106.28,106.29,400
129,106.31,106.31,106.31,106.31,100
131,106.35,106.35,106.35,106.35,100
132,106.34,106.34,106.34,106.34,100
135,106.38,106.38,106.38,106.38,300
136,106.39,106.39,106.38,106.38,1000
137,106.39,106.39,106.39,106.39,200
138,106.38,106.38,106.38,106.38,200
140,106.37,106.42,106.37,106.42,600
144,106.34,106.36,106.34,106.36,4887
145,106.36,106.36,106.36,106.36,300
150,106.4,106.4,106.4,106.4,100
152,106.41,106.43,106.41,106.43,400
153,106.41,106.41,106.41,106.41,300
155,106.41,106.44,106.41,106.43,1700
156,106.39,106.4,106.39,106.4,200
157,106.41,106.41,106.4,106.4,300
158,106.41,106.42,106.41,106.42,500
164,106.4,106.4,106.4,106.4,100
166,106.43,106.44,106.43,106.44,300
167,106.44,106.44,106.43,106.43,200
168,106.44,106.44,106.44,106.44,100
170,106.49,106.49,106.49,106.49,100
179,106.55,106.55,106.55,106.55,200
188,106.521,106.521,106.521,106.521,400
189,106.49,106.49,106.49,106.49,100
192,106.48,106.48,106.48,106.48,100
193,106.48,106.48,106.48,106.48,300
194,106.48,106.48,106.47,106.47,439
199,106.54,106.55,106.53,106.53,2500
204,106.46,106.46,106.46,106.46,100
207,106.53,106.53,106.53,106.53,200
227,106.622,106.622,106.622,106.622,100
248,106.74,106.74,106.74,106.74,200
253,106.731,106.731,106.731,106.731,131
254,106.71,106.71,106.71,106.71,100
261,106.72,106.72,106.72,106.72,200
274,106.73,106.73,106.73,106.73,600
278,106.68,106.68,106.68,106.68,100
280,106.68,106.68,106.68,106.68,100
287,106.672,106.672,106.672,106.672,100
321,106.73,106.73,106.73,106.73,100
329,106.701,106.702,106.701,106.702,300
338,106.7,106.7,106.7,106.7,100
340,106.68,106.71,106.68,106.71,300
346,106.711,106.712,106.711,106.712,300
355,106.71,106.71,106.71,106.71,200
360,106.76,106.76,106.76,106.76,200
366,106.83,106.83,106.83,106.83,100
367,106.83,106.83,106.83,106.83,200
371,106.819,106.819,106.8,106.8,600
372,106.82,106.82,106.81,106.81,200
373,106.83,106.83,106.83,106.83,165
375,106.83,106.84,106.83,106.84,300
376,106.75,106.79,106.75,106.79,200
377,106.75,106.75,106.75,106.75,300
378,106.77,106.77,106.77,106.77,300
379,106.76,106.77,106.76,106.77,400
380,106.75,106.75,106.75,106.75,200
382,106.73,106.73,106.73,106.73,100
383,106.71,106.71,106.7,106.71,400
384,106.7,106.71,106.7,106.71,400
385,106.7,106.7,106.68,106.68,200
386,106.69,106.69,106.69,106.69,100
387,106.69,106.71,106.69,106.701,424
389,106.67,106.69,106.67,106.69,300
390,106.65,106.65,106.62,106.63,1138
a1428413400,106.55,106.55,106.55,106.55,3998
1,106.65,106.65,106.63,106.63,1100
2,106.78,106.78,106.73,106.73,400
4,106.86,106.86,106.84,106.84,566
5,106.94,106.94,106.9,106.9,650
6,107,107,106.98,106.98,200
7,107.04,107.04,107.04,107.04,100
8,107,107.02,106.97,107.02,433
10,106.98,106.98,106.98,106.98,100
13,106.99,106.99,106.99,106.99,100
15,106.96,106.96,106.95,106.96,400
16,106.97,106.97,106.94,106.94,400
19,106.94,106.94,106.94,106.94,136
20,106.9,106.9,106.9,106.9,400
21,106.95,106.95,106.95,106.95,200
22,106.91,106.94,106.91,106.94,600
23,106.91,106.91,106.91,106.91,100
25,106.94,106.94,106.94,106.94,100
27,106.95,106.95,106.95,106.95,100
32,106.87,106.87,106.87,106.87,100
37,106.72,106.78,106.72,106.78,200
42,106.88,106.88,106.88,106.88,100
46,106.95,106.95,106.95,106.95,100
47,107.03,107.03,107.01,107.01,200
50,107.07,107.07,107.07,107.07,100
51,107.1,107.14,107.1,107.14,200
53,107.14,107.14,107.14,107.14,100
54,107.16,107.16,107.16,107.16,100
57,107.16,107.16,107.16,107.16,100
61,107.27,107.27,107.27,107.27,100
63,107.29,107.29,107.29,107.29,766
65,107.32,107.32,107.32,107.32,100
71,107.301,107.301,107.301,107.301,200
73,107.25,107.25,107.25,107.25,448
74,107.24,107.24,107.23,107.23,200
77,107.35,107.35,107.35,107.35,100
89,107.23,107.23,107.23,107.23,100
97,107.2,107.2,107.2,107.2,100
109,107.13,107.13,107.13,107.13,100
117,107.13,107.13,107.13,107.13,100
118,107.15,107.15,107.15,107.15,100
121,107.19,107.19,107.19,107.19,100
122,107.16,107.16,107.16,107.16,100
123,107.15,107.15,107.15,107.15,200
125,107.19,107.19,107.19,107.19,300
126,107.17,107.18,107.17,107.18,700
140,107.24,107.24,107.24,107.24,200
144,107.21,107.21,107.21,107.21,200
149,107.23,107.23,107.23,107.23,200
159,107.31,107.31,107.31,107.31,200
171,107.29,107.29,107.29,107.29,320
176,107.32,107.32,107.31,107.31,5713
180,107.34,107.34,107.34,107.34,100
199,107.16,107.16,107.16,107.16,300
202,107.16,107.16,107.16,107.16,100
215,107.27,107.28,107.27,107.27,4001
227,107.22,107.22,107.22,107.22,100
246,107.19,107.19,107.19,107.19,100
250,107.18,107.18,107.18,107.18,300
252,107.171,107.171,107.171,107.171,200
258,107.12,107.12,107.12,107.12,100
259,107.11,107.11,107.11,107.11,300
261,107.11,107.11,107.11,107.11,100
262,107.09,107.09,107.09,107.09,5900
263,107.11,107.11,107.1,107.1,2800
265,107.05,107.07,107.05,107.07,1100
266,107.05,107.05,107.05,107.05,100
267,107.07,107.07,107.05,107.05,1000
268,107.08,107.08,107.08,107.08,100
269,107.09,107.09,107.09,107.09,900
270,107.08,107.08,107.08,107.08,800
271,107.08,107.08,107.08,107.08,200
276,107.13,107.13,107.12,107.12,400
278,107.14,107.14,107.14,107.14,1400
279,107.15,107.15,107.15,107.15,100
281,107.15,107.15,107.14,107.15,1341
285,107.15,107.15,107.15,107.15,100
291,107.15,107.15,107.14,107.15,400
292,107.15,107.15,107.14,107.14,2700
305,107.18,107.18,107.18,107.18,100
310,107.19,107.19,107.18,107.18,500
314,107.182,107.182,107.182,107.182,100
318,107.16,107.16,107.16,107.16,1900
321,107.17,107.17,107.17,107.17,100
322,107.15,107.15,107.15,107.15,1400
324,107.14,107.14,107.13,107.13,200
325,107.15,107.15,107.15,107.15,200
326,107.14,107.14,107.14,107.14,1800
327,107.1,107.12,107.1,107.12,3600
331,107.08,107.08,107.08,107.08,100
334,107.06,107.06,107.06,107.06,100
339,107.07,107.07,107.06,107.07,3600
340,107.06,107.06,107.06,107.06,300
341,106.99,106.99,106.99,106.99,100
353,106.89,106.89,106.89,106.89,287
365,106.88,106.88,106.88,106.88,100
370,106.72,106.72,106.72,106.72,100
371,106.63,106.64,106.63,106.64,300
372,106.66,106.66,106.66,106.66,100
373,106.66,106.66,106.66,106.66,100
374,106.64,106.64,106.64,106.64,100
376,106.69,106.69,106.69,106.69,100
378,106.66,106.66,106.66,106.66,100
380,106.62,106.62,106.62,106.62,100
382,106.59,106.59,106.59,106.59,100
383,106.58,106.58,106.58,106.58,200
384,106.58,106.58,106.56,106.56,300
386,106.57,106.57,106.55,106.55,200
387,106.57,106.57,106.57,106.57,100
388,106.59,106.59,106.59,106.59,100
389,106.6,106.6,106.6,106.6,500
390,106.53,106.58,106.53,106.58,1800
a1428499800,106.1,106.1,106.1,106.1,20215
1,106.46,106.49,106.39,106.4,2454
2,106.56,106.56,106.48,106.48,3700
5,106.78,106.78,106.78,106.78,100
8,106.81,106.81,106.81,106.81,300
9,106.78,106.78,106.78,106.78,100
16,107,107,107,107,200
18,107.01,107.01,107.01,107.01,100
20,107.07,107.07,107.07,107.07,100
21,107.13,107.13,107.13,107.13,400
28,107.16,107.16,107.13,107.13,300
29,107.12,107.12,107.12,107.12,200
30,107.13,107.13,107.13,107.13,224
31,107.16,107.16,107.16,107.16,100
36,107.1,107.1,107.1,107.1,125
41,107.12,107.12,107.12,107.12,100
49,106.98,106.98,106.98,106.98,100
51,106.98,106.98,106.98,106.98,100
61,106.88,106.88,106.88,106.88,100
66,106.74,106.74,106.73,106.73,200
72,106.57,106.59,106.57,106.59,300
73,106.47,106.5,106.47,106.5,200
79,106.49,106.49,106.49,106.49,100
80,106.5,106.5,106.5,106.5,100
95,106.77,106.79,106.77,106.79,500
102,106.78,106.78,106.78,106.78,100
107,106.83,106.83,106.83,106.83,200
110,106.94,106.94,106.94,106.94,100
124,106.84,106.84,106.84,106.84,200
125,106.83,106.83,106.83,106.83,100
131,106.93,106.93,106.93,106.93,200
134,106.95,106.95,106.95,106.95,112
141,107,107,107,107,100
144,106.93,106.93,106.93,106.93,100
158,107.01,107.01,107.01,107.01,100
171,107.04,107.04,107.03,107.04,600
172,107.02,107.02,107,107.02,5800
177,106.97,106.97,106.97,106.97,100
184,106.93,106.93,106.9,106.9,250
185,106.91,106.91,106.91,106.91,100
194,106.97,106.97,106.97,106.97,302
198,107.01,107.01,107.01,107.01,100
199,107.03,107.03,107.03,107.03,3700
206,106.89,106.89,106.89,106.89,200
223,106.94,106.94,106.94,106.94,100
227,106.791,106.791,106.791,106.791,200
267,106.89,106.89,106.89,106.89,100
272,106.8,106.8,106.8,106.8,100
275,106.79,106.79,106.79,106.79,100
281,106.46,106.46,106.46,106.46,200
284,106.76,106.76,106.66,106.66,200
292,107.18,107.18,107.18,107.18,100
296,107,107,107,107,100
307,106.95,106.95,106.95,106.95,100
320,106.912,106.912,106.912,106.912,100
332,106.78,106.78,106.78,106.78,150
348,106.78,106.78,106.78,106.78,100
352,106.73,106.73,106.73,106.73,100
356,106.73,106.73,106.73,106.73,645
361,106.76,106.76,106.76,106.76,200
363,106.75,106.75,106.75,106.75,100
368,106.8,106.8,106.8,106.8,200
371,106.81,106.81,106.81,106.81,100
372,106.85,106.85,106.85,106.85,100
373,106.9,106.9,106.9,106.9,100
374,106.86,106.86,106.86,106.86,100
376,106.85,106.85,106.85,106.85,100
377,106.87,106.87,106.87,106.87,100
378,106.87,106.87,106.87,106.87,100
379,106.83,106.83,106.83,106.83,100
380,106.78,106.78,106.78,106.78,100
386,106.8,106.8,106.8,106.8,1100
387,106.81,106.81,106.81,106.81,100
388,106.83,106.83,106.81,106.81,500
389,106.84,106.84,106.84,106.84,200
390,106.91,106.91,106.86,106.86,692
a1428586200,106.9,106.9,106.9,106.9,5087
2,106.87,106.87,106.87,106.87,167
3,106.94,106.94,106.94,106.94,100
5,107.12,107.12,107.12,107.12,100
24,106.72,106.72,106.72,106.72,100
26,106.66,106.66,106.66,106.66,100
27,106.72,106.72,106.72,106.72,100
28,106.77,106.77,106.77,106.77,100
31,106.77,106.77,106.77,106.77,100
36,106.67,106.67,106.67,106.67,219
39,106.8,106.8,106.8,106.8,100
42,106.83,106.83,106.83,106.83,100
56,106.77,106.77,106.77,106.77,100
59,106.85,106.85,106.85,106.85,100
67,106.79,106.79,106.79,106.79,100
70,106.81,106.81,106.81,106.81,0
72,106.83,106.83,106.83,106.83,0
74,106.7,106.7,106.7,106.7,0
77,106.62,106.62,106.62,106.62,0
81,106.62,106.62,106.62,106.62,0
83,106.5,106.53,106.5,106.53,0
