EXCHANGE%3DNYSEARCA
MARKET_OPEN_MINUTE=570
MARKET_CLOSE_MINUTE=960
INTERVAL=60
COLUMNS=DATE,CLOSE,HIGH,LOW,OPEN,VOLUME
DATA=
TIMEZONE_OFFSET=-300
a1424961000,109.35,109.35,109.35,109.35,5872
1,109.42,109.42,109.42,109.42,100
6,109.26,109.26,109.26,109.26,100
7,109.38,109.38,109.38,109.38,100
11,109.55,109.55,109.55,109.55,200
13,109.55,109.55,109.55,109.55,100
16,109.5,109.5,109.5,109.5,200
18,109.48,109.48,109.48,109.48,100
22,109.48,109.48,109.48,109.48,100
26,109.37,109.37,109.37,109.37,100
27,109.32,109.32,109.32,109.32,100
30,109.26,109.26,109.26,109.26,100
32,109.2,109.2,109.2,109.2,100
33,109.17,109.17,109.17,109.17,200
34,109.17,109.17,109.17,109.17,100
35,109.2,109.2,109.2,109.2,200
36,109.22,109.22,109.22,109.22,100
40,109.15,109.15,109.15,109.15,400
41,109.19,109.19,109.17,109.17,300
42,109.18,109.18,109.18,109.18,100
43,109.16,109.16,109.15,109.15,300
44,109.15,109.15,109.15,109.15,200
45,109.16,109.16,109.16,109.16,100
46,109.23,109.23,109.23,109.23,200
49,109.34,109.34,109.34,109.34,100
50,109.31,109.31,109.31,109.31,100
51,109.31,109.31,109.31,109.31,100
54,109.34,109.34,109.33,109.33,200
55,109.29,109.29,109.29,109.29,100
58,109.36,109.36,109.36,109.36,100
59,109.38,109.38,109.37,109.37,200
60,109.41,109.41,109.41,109.41,100
62,109.35,109.35,109.35,109.35,100
64,109.39,109.39,109.38,109.38,300
76,109.63,109.63,109.63,109.63,500
79,109.57,109.57,109.57,109.57,100
80,109.55,109.55,109.55,109.55,100
82,109.56,109.56,109.56,109.56,100
83,109.59,109.59,109.56,109.56,200
86,109.54,109.55,109.54,109.55,300
93,109.61,109.63,109.61,109.62,458
98,109.7,109.7,109.7,109.7,100
99,109.71,109.71,109.71,109.71,200
102,109.69,109.69,109.69,109.69,100
105,109.72,109.72,109.72,109.72,100
108,109.69,109.69,109.69,109.69,200
109,109.7,109.7,109.69,109.69,200
115,109.69,109.69,109.69,109.69,100
120,109.65,109.65,109.65,109.65,200
121,109.65,109.65,109.65,109.65,100
123,109.65,109.65,109.65,109.65,100
126,109.72,109.72,109.72,109.72,100
130,109.73,109.73,109.73,109.73,300
134,109.73,109.73,109.73,109.73,100
136,109.66,109.66,109.66,109.66,100
141,109.72,109.72,109.71,109.71,200
142,109.72,109.72,109.72,109.72,100
146,109.77,109.77,109.77,109.77,400
149,109.73,109.73,109.73,109.73,100
150,109.72,109.72,109.72,109.72,500
151,109.71,109.73,109.71,109.73,557
152,109.68,109.68,109.67,109.67,400
154,109.68,109.68,109.68,109.68,100
156,109.62,109.62,109.62,109.62,100
157,109.64,109.64,109.64,109.64,100
159,109.62,109.62,109.62,109.62,100
160,109.62,109.62,109.62,109.62,100
163,109.63,109.63,109.62,109.62,400
165,109.65,109.65,109.65,109.65,100
170,109.55,109.55,109.55,109.55,100
171,109.49,109.49,109.47,109.47,600
177,109.64,109.64,109.64,109.64,100
178,109.641,109.641,109.641,109.641,300
179,109.65,109.65,109.65,109.65,200
187,109.66,109.66,109.66,109.66,700
191,109.7,109.7,109.7,109.7,100
194,109.681,109.682,109.681,109.682,400
196,109.7,109.7,109.7,109.7,100
197,109.72,109.72,109.7,109.7,300
198,109.82,109.82,109.75,109.75,1793
199,109.83,109.83,109.83,109.83,200
200,109.78,109.79,109.77,109.78,2300
202,109.79,109.79,109.79,109.79,100
207,109.73,109.73,109.73,109.73,100
211,109.75,109.75,109.75,109.75,100
222,109.771,109.771,109.771,109.771,100
223,109.8,109.8,109.8,109.8,2505
225,109.82,109.82,109.82,109.82,100
227,109.821,109.821,109.821,109.821,300
228,109.82,109.82,109.82,109.82,200
231,109.7,109.7,109.68,109.68,500
232,109.65,109.65,109.65,109.65,100
233,109.66,109.66,109.66,109.66,300
234,109.66,109.66,109.66,109.66,100
237,109.74,109.74,109.74,109.74,100
238,109.72,109.72,109.72,109.72,300
244,109.77,109.77,109.76,109.76,300
246,109.83,109.84,109.83,109.84,200
247,109.81,109.81,109.81,109.81,100
248,109.82,109.83,109.82,109.83,3200
252,109.85,109.85,109.85,109.85,500
253,109.82,109.82,109.82,109.82,100
254,109.82,109.82,109.82,109.82,200
255,109.82,109.82,109.82,109.82,200
256,109.79,109.79,109.78,109.78,300
259,109.8,109.8,109.8,109.8,100
260,109.78,109.78,109.78,109.78,100
262,109.78,109.78,109.78,109.78,100
263,109.81,109.81,109.81,109.81,100
264,109.82,109.82,109.82,109.82,100
265,109.78,109.78,109.78,109.78,200
269,109.75,109.78,109.75,109.78,3300
270,109.74,109.75,109.74,109.75,2000
271,109.77,109.77,109.74,109.74,1400
275,109.731,109.731,109.731,109.731,100
277,109.68,109.68,109.68,109.68,200
279,109.71,109.71,109.71,109.71,200
281,109.68,109.68,109.68,109.68,100
286,109.58,109.58,109.58,109.58,322
287,109.57,109.57,109.57,109.57,100
288,109.57,109.57,109.56,109.57,6800
290,109.521,109.521,109.521,109.521,157
293,109.51,109.51,109.51,109.51,100
304,109.44,109.44,109.44,109.44,400
306,109.32,109.32,109.29,109.31,491
309,109.38,109.38,109.38,109.38,100
311,109.391,109.392,109.391,109.392,220
316,109.4,109.4,109.4,109.4,100
320,109.46,109.46,109.46,109.46,100
325,109.5,109.5,109.5,109.5,100
329,109.44,109.44,109.44,109.44,495
334,109.33,109.33,109.33,109.33,100
339,109.39,109.39,109.39,109.39,545
340,109.41,109.41,109.41,109.41,200
341,109.38,109.38,109.38,109.38,100
342,109.41,109.41,109.41,109.41,100
344,109.48,109.51,109.48,109.51,460
345,109.54,109.56,109.54,109.55,7000
346,109.55,109.55,109.55,109.55,483
347,109.5,109.5,109.5,109.5,100
348,109.491,109.491,109.491,109.491,105
350,109.61,109.61,109.61,109.61,100
351,109.61,109.61,109.61,109.61,500
358,109.63,109.63,109.63,109.63,100
362,109.71,109.71,109.71,109.71,100
363,109.66,109.66,109.66,109.66,100
369,109.66,109.66,109.66,109.66,400
372,109.71,109.71,109.7,109.7,602
374,109.75,109.75,109.75,109.75,200
375,109.75,109.75,109.75,109.75,100
377,109.71,109.71,109.71,109.71,100
380,109.75,109.75,109.74,109.74,200
381,109.75,109.76,109.75,109.76,300
383,109.76,109.76,109.74,109.74,200
385,109.79,109.79,109.77,109.77,200
388,109.8,109.8,109.8,109.8,376
389,109.81,109.81,109.81,109.81,500
390,109.79,109.81,109.79,109.81,1650
a1425047400,109.78,109.78,109.78,109.78,12727
1,109.63,109.66,109.63,109.66,1200
5,109.66,109.66,109.66,109.66,400
6,109.69,109.69,109.67,109.67,716
7,109.67,109.67,109.67,109.67,100
8,109.64,109.64,109.64,109.64,258
11,109.61,109.61,109.61,109.61,500
13,109.49,109.49,109.49,109.49,100
14,109.48,109.48,109.48,109.48,100
15,109.42,109.42,109.42,109.42,100
16,109.36,109.36,109.34,109.34,200
17,109.34,109.34,109.33,109.33,200
24,109.44,109.44,109.44,109.44,200
27,109.56,109.56,109.56,109.56,258
28,109.52,109.52,109.52,109.52,100
32,109.75,109.77,109.75,109.77,200
33,109.8,109.8,109.8,109.8,200
38,109.69,109.69,109.69,109.69,100
43,109.68,109.69,109.68,109.69,6900
44,109.68,109.68,109.68,109.68,100
48,109.63,109.63,109.63,109.63,100
49,109.61,109.61,109.61,109.61,434
52,109.7,109.7,109.68,109.68,500
53,109.72,109.72,109.72,109.72,100
54,109.74,109.74,109.74,109.74,100
55,109.76,109.76,109.76,109.76,100
56,109.78,109.78,109.78,109.78,200
57,109.73,109.77,109.73,109.77,200
61,109.84,109.84,109.84,109.84,600
62,109.81,109.82,109.81,109.82,300
63,109.81,109.81,109.81,109.81,100
64,109.8,109.8,109.8,109.8,100
65,109.78,109.78,109.78,109.78,500
66,109.82,109.82,109.8,109.8,200
67,109.84,109.859,109.84,109.859,1157
68,109.73,109.79,109.72,109.79,500
69,109.75,109.75,109.73,109.73,600
70,109.75,109.75,109.75,109.75,200
71,109.75,109.76,109.75,109.76,300
72,109.76,109.76,109.75,109.75,600
73,109.78,109.79,109.78,109.79,400
74,109.75,109.77,109.74,109.77,400
75,109.81,109.81,109.76,109.76,814
76,109.8,109.8,109.8,109.8,500
77,109.8,109.8,109.8,109.8,600
78,109.82,109.82,109.81,109.81,500
79,109.8,109.81,109.8,109.81,800
81,109.81,109.81,109.79,109.81,500
85,109.78,109.78,109.76,109.76,900
86,109.81,109.81,109.79,109.79,400
87,109.81,109.81,109.8,109.8,300
89,109.8,109.81,109.8,109.8,500
90,109.8,109.8,109.79,109.79,500
91,109.78,109.79,109.78,109.79,300
94,109.709,109.709,109.709,109.709,100
95,109.72,109.72,109.68,109.68,700
96,109.73,109.73,109.73,109.73,200
97,109.74,109.75,109.74,109.74,300
98,109.75,109.75,109.74,109.74,200
99,109.75,109.78,109.75,109.78,500
100,109.74,109.74,109.74,109.74,100
101,109.74,109.74,109.71,109.74,1100
102,109.78,109.78,109.75,109.75,1000
103,109.78,109.79,109.78,109.79,400
104,109.8,109.8,109.79,109.79,300
105,109.8,109.81,109.8,109.8,300
106,109.81,109.81,109.79,109.8,1200
107,109.82,109.82,109.81,109.81,200
108,109.82,109.83,109.82,109.83,1000
109,109.8,109.8,109.8,109.8,100
110,109.81,109.81,109.81,109.81,200
111,109.8,109.8,109.8,109.8,100
112,109.75,109.75,109.71,109.71,800
113,109.74,109.74,109.74,109.74,400
114,109.74,109.74,109.74,109.74,600
115,109.75,109.75,109.75,109.75,300
116,109.77,109.77,109.76,109.76,200
117,109.77,109.77,109.77,109.77,300
120,109.63,109.65,109.63,109.65,200
123,109.63,109.63,109.63,109.63,100
127,109.69,109.69,109.69,109.69,100
128,109.66,109.66,109.66,109.66,100
130,109.67,109.67,109.67,109.67,100
137,109.74,109.74,109.74,109.74,200
138,109.75,109.75,109.75,109.75,2000
140,109.75,109.75,109.75,109.75,700
143,109.72,109.72,109.72,109.72,100
144,109.71,109.71,109.71,109.71,300
152,109.74,109.74,109.74,109.74,100
154,109.73,109.73,109.73,109.73,393
155,109.73,109.73,109.72,109.72,300
156,109.72,109.72,109.72,109.72,238
157,109.76,109.76,109.76,109.76,895
160,109.75,109.75,109.75,109.75,245
164,109.77,109.77,109.77,109.77,2200
165,109.77,109.77,109.77,109.77,417
167,109.77,109.77,109.77,109.77,1000
170,109.75,109.75,109.75,109.75,600
171,109.75,109.75,109.75,109.75,800
172,109.73,109.73,109.73,109.73,300
174,109.78,109.78,109.76,109.76,500
178,109.8,109.8,109.8,109.8,100
181,109.82,109.82,109.81,109.81,783
182,109.82,109.82,109.82,109.82,100
185,109.8,109.8,109.8,109.8,308
186,109.79,109.79,109.79,109.79,100
188,109.8,109.8,109.8,109.8,200
192,109.79,109.79,109.79,109.79,100
196,109.77,109.78,109.77,109.78,456
199,109.76,109.76,109.76,109.76,100
201,109.74,109.74,109.73,109.73,480
203,109.74,109.74,109.74,109.74,100
204,109.7,109.7,109.7,109.7,100
210,109.68,109.7,109.68,109.68,700
213,109.67,109.67,109.67,109.67,100
216,109.66,109.66,109.66,109.66,100
219,109.69,109.69,109.68,109.68,578
220,109.68,109.68,109.68,109.68,100
221,109.69,109.69,109.69,109.69,3378
222,109.699,109.699,109.699,109.699,500
224,109.68,109.68,109.68,109.68,100
225,109.68,109.68,109.68,109.68,100
226,109.66,109.66,109.66,109.66,200
230,109.63,109.63,109.63,109.63,100
231,109.62,109.62,109.62,109.62,600
235,109.61,109.61,109.61,109.61,100
241,109.56,109.56,109.56,109.56,100
245,109.55,109.55,109.55,109.55,100
250,109.5,109.51,109.5,109.51,478
251,109.5,109.5,109.5,109.5,100
255,109.49,109.49,109.49,109.49,200
256,109.49,109.49,109.48,109.48,200
257,109.49,109.49,109.49,109.49,200
260,109.53,109.53,109.53,109.53,200
262,109.55,109.55,109.55,109.55,201
264,109.53,109.55,109.53,109.55,300
270,109.53,109.53,109.53,109.53,278
271,109.54,109.54,109.54,109.54,101
275,109.53,109.54,109.53,109.54,300
276,109.53,109.53,109.53,109.53,100
278,109.55,109.55,109.55,109.55,1090
279,109.54,109.54,109.54,109.54,800
284,109.45,109.45,109.45,109.45,200
287,109.43,109.43,109.43,109.43,278
289,109.41,109.41,109.41,109.41,100
291,109.4,109.4,109.37,109.38,400
292,109.4,109.4,109.4,109.4,100
295,109.41,109.41,109.41,109.41,279
296,109.41,109.41,109.4,109.4,479
297,109.4,109.41,109.4,109.41,700
298,109.4,109.4,109.4,109.4,100
302,109.36,109.37,109.36,109.37,700
304,109.34,109.34,109.34,109.34,100
305,109.41,109.41,109.4,109.4,779
308,109.41,109.41,109.41,109.41,100
309,109.38,109.38,109.38,109.38,100
310,109.28,109.28,109.28,109.28,200
314,109.22,109.22,109.22,109.22,640
315,109.2,109.2,109.2,109.2,300
316,109.21,109.21,109.21,109.21,158
317,109.19,109.19,109.17,109.17,800
319,109.26,109.26,109.26,109.26,300
321,109.26,109.26,109.26,109.26,100
325,109.27,109.27,109.27,109.27,200
326,109.27,109.27,109.26,109.26,879
327,109.23,109.24,109.23,109.24,486
331,109.21,109.23,109.21,109.23,300
333,109.17,109.17,109.17,109.17,100
334,109.16,109.16,109.16,109.16,279
335,109.18,109.18,109.18,109.18,200
338,109.22,109.22,109.22,109.22,100
341,109.19,109.19,109.19,109.19,100
342,109.16,109.16,109.16,109.16,100
345,109.17,109.17,109.17,109.17,300
346,109.13,109.13,109.12,109.12,707
347,109.22,109.22,109.22,109.22,279
348,109.22,109.22,109.22,109.22,200
349,109.23,109.23,109.22,109.22,800
350,109.21,109.21,109.21,109.21,300
351,109.22,109.22,109.22,109.22,100
352,109.28,109.29,109.25,109.25,400
354,109.28,109.28,109.27,109.27,501
357,109.32,109.33,109.32,109.33,2200
358,109.31,109.31,109.31,109.31,100
359,109.32,109.32,109.32,109.32,1000
360,109.32,109.32,109.32,109.32,400
361,109.3,109.3,109.3,109.3,100
362,109.3,109.3,109.3,109.3,200
364,109.27,109.28,109.26,109.28,679
366,109.26,109.26,109.26,109.26,500
367,109.26,109.26,109.25,109.25,400
368,109.25,109.25,109.25,109.25,121
370,109.2,109.21,109.2,109.21,974
371,109.14,109.19,109.14,109.19,400
372,109.16,109.17,109.16,109.17,466
373,109.19,109.19,109.19,109.19,500
375,109.17,109.17,109.17,109.17,200
376,109.19,109.19,109.17,109.17,1700
377,109.2,109.2,109.18,109.185,1525
378,109.2,109.2,109.2,109.2,539
379,109.19,109.19,109.19,109.19,558
382,109.18,109.19,109.18,109.19,200
383,109.17,109.17,109.17,109.17,200
384,109.15,109.15,109.15,109.15,100
385,109.15,109.15,109.15,109.15,100
386,109.14,109.14,109.13,109.13,210
387,109.17,109.17,109.15,109.15,1082
388,109.17,109.17,109.17,109.17,246
389,109.18,109.19,109.18,109.19,500
390,109.21,109.21,109.18,109.19,6448
a1425306600,109.22,109.33,109.22,109.33,27201
6,109.42,109.42,109.42,109.42,200
7,109.4,109.4,109.4,109.4,200
10,109.38,109.38,109.38,109.38,400
11,109.37,109.38,109.37,109.38,1045
12,109.42,109.42,109.42,109.42,200
13,109.41,109.41,109.41,109.41,400
18,109.54,109.54,109.54,109.54,100
23,109.64,109.64,109.64,109.64,240
25,109.65,109.65,109.65,109.65,1099
32,109.8,109.8,109.8,109.8,100
33,109.84,109.84,109.84,109.84,300
34,109.82,109.83,109.82,109.83,1802
35,109.78,109.82,109.78,109.82,300
37,109.75,109.75,109.75,109.75,100
38,109.81,109.81,109.81,109.81,100
39,109.79,109.79,109.79,109.79,200
42,109.94,109.94,109.94,109.94,1412
45,109.94,109.94,109.94,109.94,400
46,109.93,109.93,109.93,109.93,2000
49,109.94,109.94,109.92,109.92,556
50,109.96,109.98,109.96,109.98,200
53,110,110,110,110,356
61,110.04,110.05,110.04,110.05,200
67,109.96,109.96,109.96,109.96,382
68,109.95,109.98,109.95,109.97,978
70,109.95,109.95,109.95,109.95,189
71,109.95,109.95,109.95,109.95,100
79,109.87,109.87,109.87,109.87,100
80,109.84,109.84,109.84,109.84,100
84,109.92,109.92,109.92,109.92,100
85,109.92,109.92,109.92,109.92,100
87,109.93,109.93,109.93,109.93,100
88,109.93,109.93,109.93,109.93,200
92,109.89,109.89,109.89,109.89,100
100,109.89,109.89,109.87,109.87,3260
101,109.93,109.93,109.93,109.93,100
102,109.92,109.92,109.92,109.92,200
103,109.87,109.87,109.87,109.87,100
106,109.929,109.929,109.929,109.929,100
107,109.92,109.93,109.92,109.93,400
115,110.05,110.05,110.05,110.05,100
116,110.05,110.05,110.05,110.05,200
117,110.04,110.04,110.04,110.04,100
120,110.03,110.05,110.03,110.05,200
123,110.11,110.11,110.11,110.11,100
129,110.1,110.1,110.1,110.1,1048
135,110.089,110.09,110.089,110.09,200
143,110.1,110.1,110.1,110.1,300
147,110.06,110.06,110.06,110.06,100
149,110.04,110.04,110.04,110.04,100
153,110.05,110.05,110.05,110.05,1400
154,110.04,110.04,110.04,110.04,100
155,110.03,110.03,110.03,110.03,100
157,110.05,110.05,110.05,110.05,100
160,110.05,110.05,110.05,110.05,200
163,109.91,109.91,109.91,109.91,100
165,109.88,109.88,109.88,109.88,100
168,109.84,109.84,109.84,109.84,300
172,109.77,109.77,109.77,109.77,1200
176,109.77,109.79,109.77,109.79,200
183,109.82,109.82,109.82,109.82,1000
186,109.82,109.82,109.82,109.82,130
187,109.81,109.81,109.81,109.81,100
191,109.74,109.74,109.74,109.74,100
201,109.77,109.77,109.77,109.77,274
203,109.8,109.8,109.8,109.8,100
206,109.84,109.84,109.84,109.84,100
211,109.81,109.81,109.81,109.81,200
213,109.79,109.79,109.79,109.79,100
217,109.8,109.8,109.8,109.8,100
220,109.75,109.75,109.75,109.75,100
222,109.77,109.77,109.77,109.77,100
225,109.78,109.78,109.78,109.78,100
227,109.78,109.78,109.78,109.78,274
228,109.77,109.77,109.77,109.77,100
229,109.76,109.76,109.76,109.76,100
235,109.63,109.669,109.63,109.669,900
252,109.81,109.81,109.81,109.81,952
255,109.88,109.88,109.879,109.879,400
256,109.85,109.85,109.85,109.85,100
259,109.87,109.87,109.87,109.87,100
260,109.85,109.86,109.85,109.86,200
262,109.85,109.85,109.85,109.85,100
263,109.84,109.84,109.84,109.84,100
266,109.83,109.83,109.83,109.83,100
268,109.86,109.86,109.86,109.86,200
272,109.9,109.9,109.9,109.9,200
280,109.98,109.98,109.98,109.98,100
281,109.96,109.96,109.96,109.96,300
282,109.94,109.94,109.94,109.94,100
284,109.929,109.929,109.929,109.929,275
285,109.92,109.92,109.92,109.92,100
289,109.96,109.96,109.96,109.96,100
291,109.92,109.92,109.91,109.91,4274
292,109.91,109.91,109.91,109.91,100
295,109.92,109.92,109.91,109.92,4900
297,109.93,109.93,109.93,109.93,1500
299,109.91,109.91,109.91,109.91,4800
305,109.9,109.92,109.9,109.92,586
306,109.89,109.9,109.89,109.9,200
307,109.86,109.86,109.86,109.86,200
309,109.85,109.85,109.85,109.85,500
312,109.85,109.85,109.85,109.85,100
313,109.84,109.84,109.84,109.84,100
322,109.95,109.95,109.95,109.95,100
323,109.93,109.93,109.93,109.93,200
324,109.9,109.9,109.89,109.89,600
327,109.9,109.9,109.9,109.9,100
330,110,110,110,110,100
331,110.01,110.01,110.01,110.01,300
334,109.99,109.99,109.99,109.99,100
340,110.06,110.06,110.06,110.06,514
341,110.109,110.109,110.109,110.109,600
343,110.09,110.1,110.09,110.1,2355
344,110.1,110.1,110.09,110.09,3100
346,110.08,110.08,110.08,110.08,400
347,110.099,110.1,110.099,110.1,4263
350,110.139,110.139,110.139,110.139,200
353,110.139,110.139,110.139,110.139,300
354,110.14,110.14,110.14,110.14,150
355,110.12,110.12,110.12,110.12,100
357,110.08,110.1,110.08,110.09,300
367,110.16,110.16,110.16,110.16,100
373,110.17,110.17,110.17,110.17,500
374,110.189,110.189,110.189,110.189,200
377,110.2,110.2,110.2,110.2,400
378,110.21,110.21,110.21,110.21,100
380,110.26,110.26,110.22,110.22,250
382,110.27,110.27,110.27,110.27,100
383,110.259,110.259,110.259,110.259,190
386,110.25,110.25,110.25,110.25,200
387,110.25,110.25,110.25,110.25,100
389,110.23,110.24,110.23,110.24,400
390,110.24,110.26,110.2,110.22,3481
a1425393000,110.05,110.05,110.05,110.05,8412
2,109.87,109.88,109.87,109.88,400
5,109.85,109.86,109.85,109.86,200
6,109.87,109.88,109.87,109.88,200
10,110,110,110,110,100
11,109.97,109.99,109.97,109.99,350
16,109.86,109.86,109.86,109.86,100
17,109.84,109.84,109.84,109.84,200
18,109.83,109.83,109.83,109.83,100
21,109.63,109.63,109.6,109.6,200
23,109.73,109.73,109.68,109.68,200
24,109.69,109.69,109.69,109.69,200
25,109.68,109.69,109.68,109.69,300
27,109.71,109.71,109.68,109.68,200
30,109.75,109.75,109.74,109.74,400
31,109.68,109.68,109.68,109.68,900
32,109.68,109.68,109.68,109.68,100
35,109.74,109.77,109.74,109.77,700
40,109.78,109.78,109.78,109.78,300
42,109.8,109.8,109.8,109.8,100
45,109.74,109.74,109.74,109.74,200
46,109.71,109.71,109.71,109.71,100
47,109.71,109.71,109.71,109.71,1232
48,109.71,109.71,109.71,109.71,100
51,109.829,109.829,109.829,109.829,500
52,109.82,109.82,109.82,109.82,100
53,109.77,109.78,109.77,109.78,200
54,109.769,109.769,109.769,109.769,100
55,109.73,109.73,109.73,109.73,100
56,109.7,109.7,109.7,109.7,200
57,109.619,109.619,109.619,109.619,100
59,109.59,109.59,109.59,109.59,200
61,109.59,109.59,109.59,109.59,200
73,109.63,109.63,109.63,109.63,400
74,109.62,109.62,109.62,109.62,400
77,109.59,109.59,109.59,109.59,400
78,109.61,109.61,109.61,109.61,408
80,109.61,109.63,109.61,109.63,300
82,109.54,109.54,109.54,109.54,100
85,109.51,109.51,109.51,109.51,100
87,109.45,109.45,109.45,109.45,100
89,109.4,109.4,109.4,109.4,300
91,109.36,109.36,109.36,109.36,200
93,109.36,109.38,109.36,109.38,300
96,109.39,109.4,109.39,109.4,200
98,109.44,109.44,109.44,109.44,2000
99,109.39,109.39,109.39,109.39,100
100,109.39,109.39,109.38,109.38,300
101,109.36,109.38,109.36,109.38,300
102,109.3,109.3,109.3,109.3,100
103,109.28,109.28,109.28,109.28,100
104,109.25,109.25,109.25,109.25,100
106,109.25,109.25,109.25,109.25,200
108,109.35,109.35,109.35,109.35,200
109,109.33,109.33,109.33,109.33,200
110,109.31,109.31,109.31,109.31,100
111,109.32,109.32,109.32,109.32,100
113,109.31,109.33,109.31,109.33,400
115,109.3,109.3,109.3,109.3,104
116,109.29,109.29,109.29,109.29,100
121,109.2,109.2,109.2,109.2,200
125,109.01,109.01,109.01,109.01,100
126,109.05,109.05,109.05,109.05,100
127,109.06,109.06,109.06,109.06,200
130,109.11,109.11,109.1,109.1,400
131,109.09,109.09,109.09,109.09,100
132,109.08,109.08,109.08,109.08,200
133,109.04,109.04,109.04,109.04,100
134,109.01,109.01,108.99,108.99,200
136,109.03,109.03,109.03,109.03,100
139,109.09,109.09,109.09,109.09,100
140,109.06,109.06,109.06,109.06,100
142,109.11,109.11,109.11,109.11,100
145,109.24,109.24,109.24,109.24,100
147,109.28,109.28,109.28,109.28,100
148,109.27,109.27,109.27,109.27,100
149,109.26,109.26,109.26,109.26,300
151,109.22,109.22,109.22,109.22,100
154,109.18,109.18,109.18,109.18,100
155,109.15,109.15,109.15,109.15,100
159,109.16,109.16,109.16,109.16,100
164,109.17,109.17,109.17,109.17,157
165,109.16,109.16,109.16,109.16,100
166,109.16,109.16,109.16,109.16,100
170,109.18,109.18,109.18,109.18,400
171,109.17,109.17,109.17,109.17,200
174,109.07,109.07,109.07,109.07,200
176,108.94,109.05,108.94,109.05,500
179,108.97,108.97,108.97,108.97,100
185,109.05,109.05,109.05,109.05,100
187,109.09,109.09,109.09,109.09,200
193,109.12,109.12,109.12,109.12,390
196,109.09,109.09,109.09,109.09,100
197,109.05,109.05,109.05,109.05,100
199,109.03,109.03,109.03,109.03,100
201,109.08,109.08,109.08,109.08,1425
207,109.19,109.19,109.18,109.18,1362
208,109.26,109.26,109.26,109.26,100
209,109.25,109.25,109.25,109.25,200
212,109.32,109.32,109.32,109.32,100
214,109.31,109.33,109.31,109.33,400
217,109.35,109.35,109.31,109.31,1705
220,109.31,109.31,109.31,109.31,100
222,109.3,109.3,109.3,109.3,100
223,109.25,109.28,109.25,109.28,200
225,109.23,109.23,109.23,109.23,600
226,109.22,109.22,109.22,109.22,100
234,109.23,109.23,109.23,109.23,100
235,109.22,109.22,109.22,109.22,100
242,109.26,109.27,109.26,109.27,200
244,109.31,109.31,109.31,109.31,100
245,109.29,109.29,109.29,109.29,300
246,109.3,109.3,109.3,109.3,100
247,109.24,109.26,109.24,109.26,300
251,109.22,109.22,109.22,109.22,100
252,109.22,109.22,109.22,109.22,100
253,109.2,109.2,109.2,109.2,100
255,109.19,109.19,109.19,109.19,100
258,109.23,109.23,109.23,109.23,182
261,109.25,109.25,109.25,109.25,100
262,109.24,109.24,109.24,109.24,100
265,109.26,109.26,109.26,109.26,700
267,109.26,109.26,109.26,109.26,300
268,109.23,109.23,109.23,109.23,200
269,109.21,109.21,109.21,109.21,100
275,109.22,109.22,109.22,109.22,100
276,109.2,109.2,109.2,109.2,500
278,109.2,109.2,109.2,109.2,300
280,109.27,109.27,109.25,109.25,500
281,109.32,109.32,109.32,109.32,300
283,109.36,109.36,109.36,109.36,100
284,109.35,109.35,109.35,109.35,595
287,109.35,109.35,109.35,109.35,100
288,109.35,109.35,109.35,109.35,100
289,109.37,109.37,109.37,109.37,187
291,109.37,109.37,109.37,109.37,200
297,109.44,109.44,109.44,109.44,100
298,109.46,109.46,109.46,109.46,100
300,109.5,109.5,109.5,109.5,100
301,109.47,109.49,109.47,109.49,500
303,109.49,109.49,109.49,109.49,100
304,109.48,109.5,109.48,109.5,200
305,109.42,109.42,109.42,109.42,100
307,109.39,109.39,109.39,109.39,100
308,109.41,109.41,109.41,109.41,300
311,109.39,109.39,109.39,109.39,100
312,109.4,109.4,109.4,109.4,100
316,109.29,109.29,109.29,109.29,100
320,109.34,109.34,109.34,109.34,200
321,109.33,109.33,109.33,109.33,100
327,109.41,109.41,109.4,109.4,600
328,109.39,109.39,109.39,109.39,183
329,109.39,109.39,109.38,109.38,300
331,109.36,109.36,109.36,109.36,100
332,109.38,109.38,109.38,109.38,3200
333,109.36,109.36,109.36,109.36,100
336,109.41,109.41,109.41,109.41,200
337,109.38,109.39,109.38,109.39,495
340,109.35,109.35,109.35,109.35,100
343,109.32,109.33,109.32,109.33,717
347,109.29,109.29,109.29,109.29,100
348,109.28,109.28,109.28,109.28,400
351,109.32,109.32,109.32,109.32,100
354,109.34,109.34,109.34,109.34,100
355,109.38,109.38,109.38,109.38,100
356,109.38,109.38,109.38,109.38,100
358,109.42,109.42,109.42,109.42,109
361,109.46,109.48,109.46,109.48,1500
364,109.47,109.47,109.47,109.47,100
367,109.46,109.46,109.46,109.46,200
368,109.47,109.47,109.47,109.47,450
369,109.46,109.46,109.46,109.46,100
371,109.39,109.42,109.39,109.42,800
373,109.39,109.39,109.35,109.35,800
374,109.38,109.38,109.38,109.38,200
375,109.37,109.37,109.37,109.37,200
376,109.38,109.38,109.36,109.36,467
377,109.37,109.37,109.37,109.37,200
378,109.35,109.36,109.35,109.36,300
380,109.38,109.38,109.36,109.36,712
381,109.37,109.37,109.37,109.37,300
382,109.38,109.38,109.38,109.38,100
383,109.38,109.38,109.38,109.38,275
384,109.37,109.37,109.37,109.37,100
385,109.39,109.39,109.389,109.389,960
386,109.39,109.39,109.39,109.39,100
387,109.4,109.41,109.4,109.41,400
388,109.37,109.37,109.37,109.37,100
389,109.39,109.39,109.39,109.39,200
390,109.39,109.39,109.38,109.38,4064
a1425479400,109.23,109.23,109.12,109.12,11566
2,109,109,109,109,14229
4,108.98,108.98,108.97,108.97,400
5,108.95,108.95,108.95,108.95,259
6,108.85,108.85,108.85,108.85,235
8,108.81,108.81,108.8,108.8,300
9,108.8,108.84,108.8,108.84,200
11,108.6,108.6,108.6,108.6,100
12,108.56,108.6,108.56,108.58,300
14,108.5,108.51,108.5,108.51,760
15,108.48,108.48,108.48,108.48,100
18,108.52,108.52,108.52,108.52,100
19,108.56,108.56,108.56,108.56,400
20,108.52,108.52,108.52,108.52,100
21,108.46,108.48,108.46,108.48,375
22,108.41,108.41,108.41,108.41,100
26,108.47,108.47,108.43,108.43,589
27,108.5,108.52,108.5,108.51,400
28,108.51,108.51,108.51,108.51,300
31,108.5,108.5,108.46,108.49,300
34,108.59,108.59,108.59,108.59,200
35,108.48,108.5,108.48,108.5,200
37,108.56,108.57,108.56,108.57,300
38,108.6,108.6,108.6,108.6,100
40,108.62,108.62,108.62,108.62,400
41,108.52,108.55,108.5,108.55,300
42,108.51,108.51,108.51,108.51,1000
43,108.57,108.57,108.57,108.57,100
44,108.47,108.47,108.47,108.47,100
45,108.43,108.43,108.43,108.43,100
46,108.45,108.45,108.45,108.45,200
49,108.49,108.49,108.49,108.49,100
50,108.51,108.51,108.51,108.51,200
55,108.49,108.49,108.49,108.49,100
56,108.52,108.52,108.52,108.52,100
57,108.5,108.5,108.5,108.5,100
59,108.42,108.42,108.42,108.42,200
60,108.47,108.47,108.47,108.47,100
61,108.47,108.47,108.44,108.44,200
65,108.621,108.621,108.621,108.621,181
66,108.69,108.69,108.69,108.69,300
69,108.63,108.63,108.63,108.63,100
73,108.61,108.61,108.61,108.61,500
74,108.77,108.77,108.77,108.77,288
75,108.74,108.74,108.74,108.74,100
76,108.73,108.73,108.73,108.73,200
79,108.69,108.69,108.69,108.69,100
80,108.63,108.63,108.63,108.63,500
81,108.61,108.61,108.61,108.61,100
85,108.59,108.63,108.59,108.63,300
87,108.64,108.65,108.64,108.64,1500
88,108.69,108.69,108.68,108.68,700
93,108.77,108.77,108.77,108.77,100
96,108.76,108.76,108.76,108.76,100
100,108.84,108.84,108.83,108.84,964
102,108.87,108.87,108.87,108.87,100
103,108.87,108.87,108.87,108.87,100
105,108.96,108.96,108.91,108.91,464
106,108.99,108.99,108.99,108.99,200
107,108.97,108.99,108.97,108.99,300
109,108.97,108.99,108.97,108.99,200
110,109.01,109.01,109.01,109.01,600
111,109,109,109,109,100
115,108.99,108.99,108.99,108.99,200
116,108.98,108.98,108.98,108.98,600
117,108.98,108.98,108.98,108.98,200
118,108.94,108.95,108.94,108.95,200
119,108.92,108.92,108.92,108.92,900
121,108.881,108.92,108.881,108.91,1500
122,108.9,108.9,108.9,108.9,500
124,108.9,108.9,108.89,108.9,800
125,108.95,108.95,108.95,108.95,452
126,108.95,108.95,108.95,108.95,100
128,108.91,108.91,108.91,108.91,100
130,108.92,108.92,108.92,108.92,250
134,108.94,108.94,108.94,108.94,100
135,108.95,108.95,108.95,108.95,200
138,108.94,108.96,108.94,108.96,2125
140,108.93,108.93,108.93,108.93,100
147,108.84,108.84,108.84,108.84,100
148,108.87,108.87,108.87,108.87,500
151,108.86,108.88,108.86,108.88,1190
152,108.85,108.85,108.85,108.85,200
154,108.89,108.89,108.89,108.89,499
156,108.89,108.89,108.88,108.88,800
159,108.93,108.93,108.92,108.92,1000
164,108.97,108.97,108.97,108.97,500
165,109.05,109.05,109.05,109.05,100
167,109.08,109.08,109.08,109.08,100
170,109.08,109.08,109.08,109.08,500
171,109.07,109.07,109.07,109.07,100
172,109.07,109.08,109.07,109.08,400
178,109.05,109.05,109.04,109.04,600
181,109.08,109.08,109.07,109.07,302
182,109.09,109.09,109.08,109.08,364
184,109.04,109.04,109.04,109.04,500
185,109.02,109.02,109.02,109.02,100
186,109.03,109.03,109.03,109.03,500
189,109.05,109.05,109.05,109.05,200
191,109.05,109.05,109.05,109.05,100
193,109.09,109.09,109.09,109.09,500
195,109.11,109.11,109.11,109.11,100
196,109.1,109.1,109.1,109.1,100
200,109.11,109.11,109.11,109.11,591
203,109.11,109.11,109.11,109.11,471
206,109.08,109.1,109.08,109.1,300
210,108.99,108.99,108.99,108.99,100
211,109,109.01,109,109.01,600
214,109,109,109,109,200
215,109,109,109,109,100
216,108.98,109,108.98,109,900
221,109.02,109.03,109.02,109.03,500
222,109.04,109.04,109.02,109.02,837
226,109.03,109.03,109.03,109.03,200
230,109.01,109.01,109.01,109.01,200
233,109.13,109.13,109.11,109.11,271
236,109.13,109.13,109.13,109.13,100
237,109.091,109.091,109.091,109.091,200
238,109.11,109.11,109.09,109.09,200
241,109.11,109.12,109.11,109.12,300
247,109.09,109.09,109.09,109.09,200
253,109.04,109.04,109.04,109.04,100
254,109.02,109.02,109.01,109.01,200
257,108.98,108.99,108.98,108.99,200
259,108.95,108.95,108.95,108.95,200
262,108.96,108.96,108.96,108.96,264
265,108.96,108.96,108.96,108.96,100
267,108.84,108.86,108.84,108.86,300
268,108.85,108.85,108.85,108.85,100
270,108.87,108.87,108.87,108.87,100
271,108.9,108.9,108.88,108.88,1264
273,108.9,108.9,108.9,108.9,200
275,108.86,108.87,108.86,108.87,300
276,108.87,108.87,108.87,108.87,265
277,108.87,108.87,108.87,108.87,593
278,108.89,108.89,108.89,108.89,100
279,108.91,108.91,108.91,108.91,500
282,108.9,108.9,108.9,108.9,300
284,108.88,108.88,108.88,108.88,100
285,108.84,108.86,108.84,108.86,500
287,108.85,108.85,108.85,108.85,965
288,108.86,108.86,108.85,108.85,3100
289,108.84,108.85,108.84,108.85,1800
296,108.91,108.91,108.91,108.91,300
301,108.94,108.94,108.94,108.94,100
303,108.93,108.93,108.93,108.93,100
304,108.911,108.922,108.911,108.922,300
305,108.94,108.94,108.94,108.94,100
306,108.96,108.96,108.96,108.96,100
311,108.98,108.98,108.98,108.98,100
312,108.96,108.96,108.96,108.96,400
315,109.07,109.07,109.07,109.07,100
318,109.06,109.07,109.06,109.07,364
321,109.08,109.08,109.08,109.08,500
323,109.09,109.09,109.09,109.09,300
328,109.13,109.13,109.13,109.13,457
331,109.13,109.14,109.13,109.14,300
333,109.1,109.1,109.1,109.1,100
335,109.05,109.05,109.05,109.05,100
339,109.02,109.02,109.02,109.02,200
340,109.04,109.04,109.04,109.04,500
341,109.08,109.08,109.05,109.05,1100
344,109.08,109.08,109.08,109.08,201
346,109.08,109.08,109.08,109.08,200
347,109.11,109.11,109.11,109.11,264
348,109.11,109.12,109.11,109.12,582
349,109.1,109.1,109.1,109.1,200
350,109.08,109.08,109.08,109.08,400
352,109.05,109.05,109.05,109.05,200
353,109.06,109.06,109.05,109.05,964
356,109.06,109.06,109.06,109.06,300
357,109.01,109.01,109.01,109.01,100
361,109.11,109.11,109.11,109.11,325
365,109.13,109.13,109.13,109.13,300
366,109.11,109.11,109.11,109.11,200
367,109.08,109.08,109.08,109.08,100
368,109.11,109.11,109.11,109.11,1196
371,109.06,109.08,109.06,109.08,400
374,109.03,109.03,109.03,109.03,200
375,109.04,109.04,109.04,109.04,100
376,109.04,109.04,109.04,109.04,100
380,109.03,109.03,109.03,109.03,100
381,109.02,109.02,109.02,109.02,100
382,109.02,109.02,109.02,109.02,300
383,109.02,109.02,109.02,109.02,100
387,108.96,108.96,108.96,108.96,187
388,108.97,108.97,108.97,108.97,281
389,108.99,108.99,108.99,108.99,160
390,109.02,109.02,108.99,108.99,1443
a1425565800,109.06,109.3,109.06,109.3,5436
6,108.94,108.94,108.94,108.94,100
7,108.86,108.86,108.86,108.86,100
11,108.91,108.91,108.91,108.91,100
12,108.96,108.96,108.96,108.96,100
13,108.91,108.91,108.91,108.91,200
14,108.97,108.97,108.95,108.95,21010
17,108.93,108.93,108.87,108.87,500
18,108.97,108.99,108.94,108.94,1400
21,109.1,109.1,109.1,109.1,100
25,109.1,109.1,109.1,109.1,100
31,109.1,109.1,109.1,109.1,100
33,109.06,109.06,109.06,109.06,100
37,109.16,109.18,109.16,109.18,400
42,109.22,109.22,109.22,109.22,200
46,109.16,109.16,109.16,109.16,100
48,109.13,109.13,109.13,109.13,800
49,109.131,109.131,109.131,109.131,100
50,109.13,109.13,109.13,109.13,100
51,109.09,109.09,109.09,109.09,100
52,109.08,109.08,109.08,109.08,100
53,109.05,109.05,109.05,109.05,100
54,109.02,109.02,109.02,109.02,100
55,109.012,109.012,109.012,109.012,100
64,109.15,109.15,109.15,109.15,100
69,109.16,109.17,109.16,109.17,400
91,109.12,109.12,109.12,109.12,200
94,109.08,109.081,109.08,109.081,300
96,109.021,109.032,109.021,109.032,200
97,109.03,109.03,109.03,109.03,100
98,108.95,109,108.95,109,600
99,108.95,108.95,108.95,108.95,300
101,108.91,108.91,108.91,108.91,100
103,108.77,108.82,108.77,108.82,200
107,108.86,108.86,108.86,108.86,100
113,108.93,108.93,108.93,108.93,200
119,109.01,109.01,109.01,109.01,100
120,108.97,108.97,108.97,108.97,100
125,109.04,109.04,109.04,109.04,100
128,109.05,109.05,109.05,109.05,200
136,109.06,109.06,109.06,109.06,100
138,109.08,109.08,109.08,109.08,100
140,109.08,109.08,109.08,109.08,100
142,109.1,109.1,109.1,109.1,100
145,109.12,109.12,109.1,109.1,300
147,109.16,109.16,109.16,109.16,100
148,109.16,109.16,109.16,109.16,100
151,109.14,109.15,109.14,109.15,688
165,109.01,109.01,109.01,109.01,100
166,108.98,108.98,108.98,108.98,300
171,108.94,108.99,108.94,108.99,200
176,108.971,108.971,108.971,108.971,200
179,108.96,108.97,108.96,108.97,200
183,108.97,108.97,108.97,108.97,100
190,108.96,108.96,108.96,108.96,400
192,108.94,108.94,108.94,108.94,100
195,108.82,108.82,108.82,108.82,100
196,108.83,108.83,108.83,108.83,200
198,108.81,108.81,108.81,108.81,100
200,108.79,108.79,108.79,108.79,100
203,108.69,108.69,108.69,108.69,100
206,108.63,108.64,108.63,108.64,300
208,108.61,108.61,108.61,108.61,100
209,108.6,108.6,108.6,108.6,200
211,108.6,108.6,108.6,108.6,100
214,108.67,108.68,108.67,108.68,500
219,108.71,108.71,108.71,108.71,200
227,108.77,108.77,108.77,108.77,400
230,108.77,108.77,108.77,108.77,100
231,108.74,108.74,108.74,108.74,100
232,108.7,108.7,108.7,108.7,100
234,108.67,108.67,108.67,108.67,100
235,108.71,108.71,108.71,108.71,1075
237,108.78,108.78,108.78,108.78,300
243,108.81,108.81,108.81,108.81,300
244,108.8,108.8,108.8,108.8,200
245,108.8,108.8,108.79,108.79,3400
246,108.81,108.81,108.81,108.81,100
247,108.8,108.801,108.8,108.801,250
250,108.85,108.85,108.85,108.85,520
252,108.79,108.79,108.78,108.78,200
254,108.8,108.8,108.8,108.8,100
255,108.83,108.83,108.82,108.82,300
256,108.87,108.87,108.83,108.83,1000
257,108.87,108.87,108.87,108.87,200
259,108.86,108.86,108.86,108.86,100
262,108.86,108.86,108.86,108.86,100
264,108.87,108.87,108.87,108.87,265
270,108.88,108.88,108.88,108.88,100
273,108.93,108.93,108.91,108.91,500
275,109,109,109,109,100
277,109,109,109,109,100
282,108.991,108.991,108.991,108.991,100
286,108.98,108.98,108.98,108.98,250
294,108.992,108.992,108.992,108.992,100
298,108.99,108.99,108.99,108.99,100
306,108.95,108.95,108.95,108.95,100
312,108.98,108.98,108.98,108.98,266
313,108.97,108.97,108.97,108.97,300
314,108.94,108.94,108.94,108.94,100
315,108.91,108.91,108.91,108.91,100
317,108.92,108.92,108.92,108.92,100
318,108.92,108.92,108.92,108.92,100
326,109.1,109.1,109.1,109.1,200
331,109.05,109.05,109.05,109.05,100
337,108.97,108.97,108.97,108.97,100
344,108.96,108.96,108.96,108.96,100
349,109,109,109,109,100
357,109.031,109.032,109.031,109.032,300
358,109.02,109.02,109.02,109.02,100
359,109,109,109,109,100
361,109,109,109,109,200
362,109.02,109.02,109.02,109.02,100
365,108.9,108.91,108.9,108.91,200
366,108.92,108.92,108.92,108.92,100
369,108.96,108.96,108.96,108.96,100
370,108.97,108.97,108.97,108.97,100
371,108.96,108.96,108.96,108.96,100
373,108.972,108.972,108.972,108.972,100
374,108.98,108.98,108.98,108.98,100
377,109,109,108.97,108.97,300
378,108.95,109.01,108.95,109,800
380,108.97,108.97,108.96,108.96,200
385,109.01,109.01,109.01,109.01,100
386,108.98,108.99,108.98,108.99,1200
387,109.02,109.02,109.02,109.02,200
388,109.02,109.02,109.02,109.02,100
389,108.99,109,108.99,109,700
390,108.98,109,108.98,109,1044
a1425652200,109.08,109.08,109.08,109.08,5920
1,108.98,108.98,108.98,108.98,255
7,108.93,108.93,108.93,108.93,100
8,108.93,108.93,108.93,108.93,100
10,108.85,108.85,108.85,108.85,400
15,108.89,108.89,108.89,108.89,100
17,108.94,108.94,108.94,108.94,100
18,108.93,108.93,108.93,108.93,100
22,108.77,108.77,108.77,108.77,500
26,109.05,109.07,109.05,109.07,300
31,109.08,109.08,109.08,109.08,100
37,109.04,109.04,109.04,109.04,100
39,109.1,109.1,109.1,109.1,500
41,109.03,109.03,109.03,109.03,100
42,109.11,109.11,109.11,109.11,183
44,109.1,109.1,109.1,109.1,280
46,108.98,108.98,108.98,108.98,100
47,108.98,108.98,108.98,108.98,100
48,108.98,108.98,108.98,108.98,100
49,108.97,108.97,108.97,108.97,100
51,109.03,109.06,109.03,109.06,1952
52,109.02,109.02,109.02,109.02,100
55,109.07,109.07,109.07,109.07,100
56,109.09,109.09,109.07,109.07,2130
59,109.06,109.06,109.06,109.06,100
68,109.11,109.11,109.11,109.11,400
69,109.04,109.04,109.04,109.04,100
71,109,109,109,109,100
78,109,109.03,109,109.03,200
81,109.02,109.02,109.02,109.02,100
82,108.93,108.93,108.93,108.93,100
83,108.96,108.96,108.96,108.96,400
85,108.89,108.89,108.89,108.89,381
87,108.81,108.81,108.81,108.81,100
88,108.85,108.85,108.85,108.85,2000
89,108.85,108.85,108.85,108.85,100
90,108.87,108.87,108.87,108.87,100
91,108.86,108.86,108.86,108.86,100
97,108.67,108.67,108.67,108.67,100
99,108.58,108.6,108.58,108.6,294
103,108.5,108.5,108.5,108.5,100
105,108.57,108.57,108.56,108.56,200
106,108.53,108.55,108.53,108.55,200
109,108.55,108.55,108.55,108.55,100
110,108.46,108.46,108.44,108.44,200
112,108.46,108.46,108.46,108.46,100
115,108.41,108.44,108.41,108.44,200
119,108.44,108.44,108.44,108.44,100
121,108.27,108.27,108.241,108.27,400
122,108.28,108.28,108.28,108.28,100
123,108.27,108.27,108.27,108.27,100
125,108.3,108.3,108.3,108.3,200
127,108.31,108.31,108.31,108.31,100
128,108.35,108.35,108.35,108.35,370
129,108.26,108.26,108.26,108.26,100
132,108.28,108.35,108.28,108.35,617
137,108.18,108.18,108.18,108.18,100
138,108.18,108.18,108.18,108.18,500
140,108.15,108.18,108.15,108.18,200
143,108.23,108.23,108.18,108.18,200
156,108.33,108.33,108.33,108.33,100
158,108.32,108.32,108.32,108.32,243
160,108.39,108.42,108.39,108.42,6500
163,108.36,108.36,108.36,108.36,100
165,108.34,108.34,108.34,108.34,100
167,108.36,108.36,108.36,108.36,859
168,108.3,108.33,108.3,108.33,200
170,108.17,108.24,108.17,108.24,200
171,108.1,108.1,108.1,108.1,100
172,108.001,108.001,108.001,108.001,320
173,108.05,108.05,108.05,108.05,200
174,108,108,108,108,909
177,108.03,108.03,108.03,108.03,100
181,108.09,108.09,108.09,108.09,200
186,108.11,108.11,108.11,108.11,100
193,108.15,108.15,108.15,108.15,200
197,108.21,108.21,108.21,108.21,100
199,108.21,108.21,108.21,108.21,300
202,108.21,108.21,108.21,108.21,100
206,108.01,108.05,108.01,108.05,200
207,108,108,108,108,100
209,108.03,108.03,108.03,108.03,100
212,108.15,108.15,108.15,108.15,500
216,108.01,108.01,108.01,108.01,232
217,108.07,108.07,108.07,108.07,200
220,107.99,108.05,107.99,108.05,200
223,108.02,108.02,108.02,108.02,100
225,108.05,108.05,108.04,108.04,3874
226,108.09,108.09,108.09,108.09,100
230,108.06,108.06,108.06,108.06,100
232,108,108,108,108,100
234,107.96,107.96,107.96,107.96,200
235,107.9,107.94,107.9,107.94,200
236,107.87,107.87,107.87,107.87,200
238,107.84,107.87,107.84,107.87,749
239,107.92,107.92,107.92,107.92,300
244,107.91,107.91,107.9,107.9,200
245,107.88,107.88,107.88,107.88,100
248,107.89,107.91,107.88,107.91,500
250,107.89,107.89,107.88,107.88,200
251,107.88,107.88,107.88,107.88,200
252,107.9,107.9,107.9,107.9,375
253,107.91,107.92,107.91,107.92,200
254,107.89,107.89,107.89,107.89,100
256,107.87,107.87,107.87,107.87,100
258,107.81,107.81,107.8,107.8,1479
259,107.84,107.84,107.82,107.82,200
260,107.84,107.84,107.84,107.84,100
261,107.87,107.87,107.87,107.87,100
263,107.859,107.859,107.859,107.859,100
265,107.87,107.87,107.87,107.87,400
268,107.85,107.85,107.85,107.85,100
270,107.93,107.93,107.93,107.93,100
273,108.03,108.03,108.03,108.03,100
274,108.02,108.02,108.02,108.02,390
275,108.06,108.06,108.06,108.06,100
278,108.08,108.08,108.08,108.08,100
279,108.14,108.14,108.14,108.14,100
282,108.17,108.199,108.17,108.199,300
285,108.13,108.13,108.13,108.13,100
287,108.11,108.11,108.11,108.11,100
289,108.07,108.07,108.07,108.07,100
293,107.9,107.9,107.9,107.9,100
294,107.9,107.9,107.84,107.84,481
296,107.9,107.9,107.9,107.9,100
297,107.93,107.93,107.92,107.92,545
298,107.92,107.93,107.92,107.93,300
306,107.88,107.91,107.88,107.91,500
308,107.82,107.85,107.82,107.85,200
309,107.81,107.81,107.81,107.81,1500
315,107.75,107.75,107.74,107.74,381
316,107.8,107.8,107.79,107.79,996
317,107.79,107.79,107.79,107.79,100
318,107.78,107.78,107.78,107.78,100
321,107.76,107.76,107.76,107.76,100
322,107.72,107.72,107.72,107.72,100
323,107.739,107.739,107.739,107.739,600
329,107.77,107.77,107.77,107.77,100
336,107.959,107.96,107.959,107.96,750
338,107.919,107.919,107.919,107.919,600
339,107.93,107.93,107.93,107.93,300
340,107.88,107.88,107.88,107.88,100
341,107.87,107.87,107.87,107.87,100
342,107.9,107.9,107.9,107.9,100
343,107.83,107.83,107.83,107.83,200
345,107.82,107.82,107.82,107.82,100
346,107.83,107.86,107.83,107.84,1200
349,107.82,107.82,107.82,107.82,100
352,107.86,107.86,107.86,107.86,194
355,107.88,107.88,107.86,107.86,700
356,107.91,107.91,107.91,107.91,100
359,107.76,107.76,107.75,107.75,679
360,107.73,107.73,107.73,107.73,100
361,107.72,107.72,107.7,107.7,200
362,107.76,107.78,107.75,107.75,300
363,107.75,107.75,107.75,107.75,100
364,107.68,107.68,107.65,107.65,390
365,107.639,107.639,107.63,107.63,280
369,107.65,107.65,107.6,107.6,600
371,107.58,107.58,107.58,107.58,300
372,107.6,107.6,107.6,107.6,100
374,107.55,107.58,107.55,107.58,250
375,107.57,107.59,107.57,107.59,482
376,107.6,107.6,107.6,107.6,100
377,107.61,107.62,107.61,107.62,600
379,107.61,107.649,107.61,107.649,550
380,107.59,107.59,107.59,107.59,100
381,107.64,107.64,107.59,107.59,930
386,107.74,107.75,107.74,107.75,200
387,107.68,107.69,107.68,107.69,200
389,107.64,107.69,107.64,107.69,500
390,107.75,107.75,107.67,107.67,542
TIMEZONE_OFFSET=-240
a1425907800,108.14,108.14,108.14,108.14,6070
1,108.1,108.1,108.1,108.1,200
3,107.95,108,107.95,108,200
4,107.93,107.93,107.93,107.93,100
6,107.84,107.84,107.84,107.84,100
7,107.81,107.81,107.79,107.79,217
8,107.76,107.76,107.76,107.76,500
9,107.76,107.76,107.76,107.76,100
10,107.83,107.85,107.82,107.82,400
12,107.97,107.97,107.97,107.97,200
13,107.89,107.91,107.89,107.91,300
14,107.88,107.88,107.88,107.88,100
15,107.9,107.9,107.9,107.9,300
16,107.85,107.85,107.85,107.85,200
17,107.75,107.75,107.75,107.75,100
20,107.79,107.79,107.79,107.79,100
21,107.78,107.78,107.78,107.78,100
25,107.81,107.81,107.81,107.81,500
26,107.81,107.81,107.81,107.81,100
30,107.97,107.97,107.97,107.97,100
31,107.97,107.97,107.97,107.97,100
36,108.02,108.02,108.02,108.02,100
46,107.96,107.96,107.96,107.96,500
50,107.99,107.99,107.99,107.99,2173
58,107.85,107.85,107.85,107.85,100
60,107.9,107.9,107.9,107.9,200
61,107.87,107.87,107.87,107.87,200
68,107.919,107.919,107.919,107.919,200
71,107.89,107.89,107.89,107.89,100
72,107.93,107.93,107.93,107.93,100
80,107.96,107.96,107.96,107.96,100
84,108.02,108.02,108.02,108.02,100
85,108.04,108.04,108.04,108.04,100
86,108.02,108.02,108.02,108.02,200
87,107.95,107.97,107.95,107.97,300
89,107.96,107.96,107.93,107.93,200
90,107.96,107.96,107.96,107.96,100
91,107.92,107.92,107.92,107.92,100
95,107.87,107.87,107.87,107.87,100
98,107.98,107.98,107.95,107.95,500
100,107.99,107.99,107.99,107.99,400
101,107.95,107.95,107.95,107.95,200
102,107.97,107.97,107.97,107.97,200
103,107.96,107.962,107.96,107.962,400
104,107.96,107.96,107.96,107.96,100
106,108,108,107.98,107.98,500
107,108.07,108.07,108.07,108.07,100
114,107.96,107.96,107.96,107.96,400
115,107.97,107.97,107.97,107.97,100
117,108.03,108.03,108.02,108.02,400
118,108.08,108.08,108.06,108.06,400
119,108.12,108.12,108.09,108.09,500
128,108.16,108.16,108.16,108.16,200
130,108.12,108.13,108.12,108.13,200
141,108.16,108.16,108.16,108.16,100
142,108.1,108.1,108.1,108.1,300
143,108.09,108.09,108.09,108.09,200
144,108.049,108.049,108.049,108.049,500
147,108.07,108.07,108.07,108.07,100
151,108.09,108.09,108.09,108.09,100
153,108,108,108,108,100
157,108,108,108,108,100
183,107.97,107.97,107.97,107.97,100
184,107.96,107.96,107.96,107.96,100
199,108.07,108.07,108.07,108.07,200
208,108.1,108.1,108.1,108.1,200
209,108.12,108.12,108.12,108.12,400
211,108.09,108.09,108.09,108.09,100
218,108.11,108.11,108.11,108.11,100
227,108.23,108.24,108.23,108.24,200
229,108.19,108.19,108.18,108.18,1890
239,108.16,108.16,108.16,108.16,100
240,108.22,108.22,108.22,108.22,100
244,108.34,108.36,108.34,108.36,200
259,108.639,108.639,108.639,108.639,184
261,108.6,108.6,108.6,108.6,100
263,108.57,108.57,108.57,108.57,100
264,108.589,108.589,108.589,108.589,1000
267,108.59,108.59,108.59,108.59,100
268,108.59,108.59,108.59,108.59,2749
271,108.5,108.5,108.47,108.47,300
274,108.48,108.48,108.48,108.48,100
285,108.34,108.34,108.34,108.34,200
287,108.34,108.34,108.34,108.34,100
301,108.11,108.11,108.11,108.11,100
303,108.16,108.16,108.16,108.16,100
304,108.16,108.16,108.16,108.16,500
306,108.17,108.17,108.15,108.15,2700
310,108,108,108,108,300
312,107.99,107.99,107.99,107.99,300
313,107.92,107.92,107.92,107.92,400
314,107.92,107.92,107.88,107.88,1000
318,108.08,108.08,108.08,108.08,200
320,108.11,108.11,108.11,108.11,100
321,108.17,108.17,108.14,108.14,800
329,108.19,108.19,108.19,108.19,100
331,108.21,108.21,108.21,108.21,100
333,108.21,108.21,108.21,108.21,200
335,108.23,108.23,108.23,108.23,100
336,108.21,108.21,108.21,108.21,3100
338,108.22,108.22,108.22,108.22,200
341,108.31,108.31,108.31,108.31,243
357,108.21,108.21,108.21,108.21,200
362,108.32,108.32,108.31,108.31,605
363,108.36,108.36,108.36,108.36,100
364,108.33,108.33,108.33,108.33,100
366,108.299,108.299,108.299,108.299,315
372,108.27,108.27,108.27,108.27,400
374,108.29,108.29,108.29,108.29,100
376,108.29,108.29,108.29,108.29,200
377,108.351,108.351,108.351,108.351,125
380,108.43,108.43,108.41,108.41,200
381,108.44,108.44,108.44,108.44,500
382,108.36,108.41,108.36,108.41,600
384,108.33,108.35,108.33,108.35,200
385,108.35,108.36,108.33,108.34,500
386,108.31,108.31,108.31,108.31,100
389,108.29,108.29,108.29,108.29,100
390,108.2,108.22,108.2,108.22,1819
a1425994200,107.41,107.48,107.41,107.48,4877
1,107.46,107.46,107.43,107.43,200
3,107.45,107.45,107.37,107.37,200
4,107.47,107.47,107.47,107.47,100
5,107.52,107.52,107.42,107.42,300
7,107.36,107.48,107.36,107.48,400
8,107.4,107.4,107.3,107.37,900
9,107.42,107.42,107.42,107.42,100
10,107.42,107.43,107.39,107.39,800
11,107.39,107.39,107.39,107.39,100
15,107.25,107.3,107.25,107.3,251
16,107.2,107.2,107.2,107.2,100
17,107.11,107.14,107.11,107.14,226
18,107.11,107.11,107.11,107.11,100
20,107.14,107.15,107.14,107.15,400
21,106.99,107,106.98,107,650
22,106.98,106.98,106.98,106.98,100
23,107.04,107.04,107.04,107.04,100
28,107.09,107.11,107.09,107.11,200
31,107.02,107.02,107.02,107.02,100
33,107.07,107.07,107.07,107.07,100
34,107,107,107,107,100
36,107.03,107.03,107.03,107.03,100
37,107.03,107.03,107.03,107.03,100
40,106.99,106.99,106.99,106.99,200
41,106.98,106.98,106.98,106.98,100
44,106.87,106.91,106.87,106.91,1800
46,106.76,106.76,106.76,106.76,200
47,106.701,106.701,106.7,106.7,400
48,106.78,106.78,106.75,106.75,2200
51,106.81,106.81,106.81,106.81,100
53,106.78,106.8,106.78,106.8,200
54,106.75,106.75,106.75,106.75,100
57,106.78,106.78,106.78,106.78,100
58,106.7,106.73,106.7,106.73,300
61,106.72,106.72,106.72,106.72,100
63,106.63,106.63,106.63,106.63,100
66,106.59,106.59,106.59,106.59,100
67,106.51,106.55,106.51,106.55,480
69,106.45,106.45,106.45,106.45,300
70,106.46,106.46,106.42,106.43,500
71,106.44,106.44,106.44,106.44,100
72,106.54,106.54,106.54,106.54,784
73,106.52,106.52,106.52,106.52,400
79,106.48,106.48,106.48,106.48,100
81,106.64,106.64,106.64,106.64,100
83,106.64,106.64,106.64,106.64,100
85,106.64,106.64,106.64,106.64,100
86,106.63,106.63,106.63,106.63,100
90,106.66,106.66,106.66,106.66,100
91,106.62,106.62,106.62,106.62,100
92,106.67,106.67,106.66,106.66,2144
96,106.76,106.76,106.76,106.76,100
97,106.82,106.82,106.82,106.82,200
98,106.83,106.83,106.83,106.83,100
102,106.8,106.8,106.8,106.8,100
106,106.93,106.93,106.93,106.93,100
108,106.91,106.91,106.91,106.91,100
110,106.91,106.91,106.91,106.91,100
111,106.99,107,106.99,107,600
112,106.97,106.97,106.97,106.97,100
115,106.89,106.89,106.89,106.89,100
120,106.89,106.89,106.89,106.89,100
122,106.86,106.86,106.86,106.86,200
123,106.91,106.91,106.91,106.91,400
124,106.9,106.9,106.9,106.9,300
131,106.77,106.77,106.77,106.77,395
132,106.73,106.76,106.73,106.76,200
136,106.61,106.65,106.61,106.65,488
139,106.62,106.62,106.62,106.62,100
143,106.51,106.51,106.51,106.51,100
146,106.47,106.47,106.47,106.47,100
147,106.49,106.49,106.49,106.49,100
148,106.49,106.49,106.47,106.47,200
149,106.48,106.48,106.48,106.48,100
154,106.28,106.28,106.28,106.28,100
163,106.42,106.42,106.42,106.42,100
164,106.46,106.46,106.46,106.46,100
166,106.46,106.49,106.46,106.46,315
167,106.45,106.45,106.45,106.45,100
175,106.34,106.34,106.34,106.34,100
177,106.31,106.31,106.31,106.31,600
179,106.33,106.34,106.33,106.34,700
181,106.25,106.25,106.25,106.25,200
182,106.27,106.27,106.27,106.27,100
185,106.191,106.191,106.191,106.191,113
187,106.22,106.22,106.22,106.22,100
197,106.41,106.41,106.37,106.37,400
198,106.39,106.39,106.39,106.39,100
204,106.38,106.38,106.38,106.38,100
205,106.35,106.39,106.35,106.39,600
206,106.35,106.35,106.35,106.35,100
207,106.36,106.36,106.36,106.36,100
208,106.38,106.38,106.38,106.38,100
209,106.37,106.37,106.37,106.37,100
210,106.35,106.35,106.35,106.35,200
215,106.31,106.31,106.31,106.31,100
218,106.32,106.32,106.32,106.32,100
221,106.25,106.25,106.25,106.25,100
227,106.27,106.27,106.27,106.27,100
231,106.35,106.35,106.35,106.35,100
232,106.44,106.44,106.44,106.44,100
233,106.44,106.45,106.44,106.45,200
236,106.5,106.5,106.5,106.5,100
237,106.51,106.52,106.51,106.52,200
239,106.49,106.49,106.49,106.49,100
240,106.44,106.47,106.44,106.47,400
246,106.4,106.4,106.39,106.39,200
249,106.4,106.4,106.4,106.4,100
250,106.4,106.4,106.4,106.4,100
251,106.4,106.42,106.4,106.42,200
252,106.42,106.42,106.42,106.42,100
254,106.41,106.41,106.41,106.41,100
257,106.46,106.47,106.46,106.47,200
258,106.5,106.5,106.45,106.45,2700
259,106.49,106.49,106.49,106.49,200
263,106.52,106.52,106.52,106.52,100
264,106.51,106.52,106.51,106.52,200
265,106.481,106.49,106.481,106.49,400
266,106.48,106.48,106.48,106.48,100
267,106.45,106.45,106.45,106.45,100
268,106.44,106.46,106.44,106.46,374
269,106.44,106.44,106.44,106.44,100
270,106.43,106.43,106.43,106.43,100
274,106.48,106.48,106.45,106.45,440
277,106.53,106.54,106.53,106.54,300
281,106.57,106.58,106.57,106.58,200
282,106.56,106.56,106.56,106.56,200
286,106.37,106.37,106.36,106.36,200
287,106.37,106.37,106.37,106.37,100
297,106.25,106.25,106.25,106.25,600
298,106.25,106.25,106.25,106.25,200
299,106.23,106.23,106.23,106.23,100
301,106.22,106.22,106.22,106.22,100
303,106.33,106.33,106.33,106.33,100
305,106.29,106.29,106.29,106.29,100
311,106.27,106.28,106.27,106.28,200
318,106.38,106.38,106.37,106.37,543
320,106.35,106.35,106.35,106.35,200
322,106.31,106.31,106.31,106.31,100
325,106.3,106.32,106.3,106.32,400
326,106.22,106.22,106.22,106.22,400
328,106.2,106.2,106.2,106.2,100
331,106.2,106.2,106.2,106.2,100
336,106.3,106.3,106.3,106.3,200
337,106.29,106.29,106.29,106.29,100
339,106.34,106.34,106.34,106.34,100
340,106.38,106.38,106.38,106.38,100
341,106.35,106.35,106.35,106.35,362
345,106.31,106.31,106.31,106.31,600
347,106.34,106.34,106.32,106.32,275
353,106.47,106.47,106.47,106.47,300
357,106.45,106.45,106.45,106.45,100
358,106.39,106.39,106.39,106.39,400
359,106.4,106.4,106.4,106.4,203
360,106.37,106.37,106.36,106.36,400
361,106.27,106.27,106.27,106.27,100
363,106.22,106.22,106.22,106.22,100
366,106.211,106.212,106.211,106.212,400
368,106.28,106.28,106.28,106.28,762
369,106.28,106.28,106.28,106.28,100
371,106.28,106.28,106.27,106.27,3352
373,106.27,106.27,106.27,106.27,400
374,106.32,106.32,106.32,106.32,100
375,106.32,106.32,106.32,106.32,100
377,106.24,106.24,106.24,106.24,100
378,106.26,106.26,106.26,106.26,100
379,106.26,106.26,106.26,106.26,100
380,106.23,106.32,106.23,106.32,1100
381,106.18,106.18,106.18,106.18,574
382,106.19,106.19,106.19,106.19,100
383,106.15,106.15,106.15,106.15,100
384,106.16,106.17,106.15,106.15,1967
385,106.15,106.15,106.15,106.15,100
386,106.08,106.1,106.08,106.1,528
387,106.06,106.06,106.06,106.06,100
388,106.1,106.1,106.1,106.1,650
389,106.08,106.08,106.08,106.08,100
390,106.06,106.1,106.04,106.1,3996
a1426080600,106.12,106.12,106.12,106.12,7546
2,106.1,106.1,106.1,106.1,100
3,106.06,106.06,106.06,106.06,150
4,106,106,106,106,300
6,105.95,105.95,105.92,105.92,200
9,105.85,105.85,105.85,105.85,100
10,105.83,105.83,105.83,105.83,100
14,106,106,106,106,500
17,106.02,106.02,106.02,106.02,101
21,106.04,106.04,106.04,106.04,100
23,106,106,106,106,220
36,106.23,106.23,106.23,106.23,200
37,106.35,106.35,106.26,106.26,300
42,106.27,106.27,106.27,106.27,100
43,106.21,106.21,106.209,106.209,296
46,106.08,106.08,106.08,106.08,300
47,106.07,106.07,106.07,106.07,200
49,106,106,106,106,300
53,105.93,105.93,105.93,105.93,100
55,105.97,105.97,105.93,105.93,2099
59,105.99,105.99,105.99,105.99,100
60,105.99,105.99,105.99,105.99,500
63,106.04,106.04,106.04,106.04,100
65,105.86,105.86,105.86,105.86,100
66,105.83,105.83,105.83,105.83,1286
70,105.83,105.83,105.83,105.83,1300
106,105.83,105.83,105.83,105.83,100
110,105.89,105.89,105.89,105.89,100
115,105.78,105.78,105.78,105.78,100
117,105.9,105.9,105.87,105.87,200
125,106.07,106.07,106.07,106.07,1999
137,105.99,105.99,105.99,105.99,100
144,106.05,106.05,106.05,106.05,307
148,106,106,106,106,100
149,106.02,106.02,106.02,106.02,100
156,105.95,105.95,105.95,105.95,100
160,105.93,105.93,105.93,105.93,232
169,106.02,106.02,106.02,106.02,100
170,106.05,106.05,106.05,106.05,100
183,105.85,105.85,105.85,105.85,200
190,106.03,106.03,106.03,106.03,100
197,106.05,106.05,106.05,106.05,100
200,106,106,106,106,100
221,105.94,105.94,105.94,105.94,6800
226,105.96,105.96,105.96,105.96,100
227,105.98,105.98,105.96,105.96,200
229,105.94,105.95,105.94,105.95,300
245,105.74,105.74,105.74,105.74,100
248,105.81,105.81,105.8,105.8,200
253,105.75,105.75,105.75,105.75,100
255,105.72,105.72,105.72,105.72,100
257,105.57,105.57,105.56,105.56,200
258,105.52,105.52,105.52,105.52,100
260,105.55,105.55,105.55,105.55,100
280,105.73,105.73,105.73,105.73,100
281,105.75,105.75,105.75,105.75,100
282,105.75,105.75,105.75,105.75,100
286,105.74,105.74,105.74,105.74,100
287,105.79,105.79,105.79,105.79,100
290,105.88,105.88,105.88,105.88,500
294,105.8,105.8,105.8,105.8,400
301,105.83,105.83,105.82,105.82,300
303,105.77,105.77,105.77,105.77,100
312,105.71,105.71,105.71,105.71,100
318,105.81,105.81,105.81,105.81,200
319,105.78,105.78,105.78,105.78,100
320,105.8,105.8,105.8,105.8,100
332,105.83,105.83,105.83,105.83,115
334,105.84,105.84,105.84,105.84,100
336,105.81,105.81,105.81,105.81,200
340,105.75,105.75,105.75,105.75,100
345,105.63,105.63,105.63,105.63,709
346,105.66,105.66,105.66,105.66,100
352,105.57,105.57,105.57,105.57,200
361,105.43,105.43,105.43,105.43,769
365,105.41,105.41,105.41,105.41,100
372,105.46,105.46,105.45,105.45,200
375,105.54,105.54,105.54,105.54,100
376,105.56,105.56,105.56,105.56,200
377,105.51,105.52,105.51,105.52,200
378,105.51,105.51,105.51,105.51,458
380,105.44,105.47,105.44,105.46,400
381,105.48,105.48,105.44,105.44,400
383,105.49,105.49,105.48,105.48,200
384,105.5,105.5,105.49,105.49,200
386,105.52,105.52,105.52,105.52,100
387,105.54,105.55,105.54,105.55,500
388,105.54,105.54,105.54,105.54,100
389,105.52,105.53,105.52,105.53,1000
390,105.48,105.52,105.48,105.52,4976
a1426167000,105.23,105.23,105.23,105.23,10871
2,105.21,105.21,105.21,105.21,100
3,105.18,105.18,105.18,105.18,104
4,105.22,105.22,105.22,105.22,300
5,105.24,105.24,105.24,105.24,100
7,105.5,105.5,105.5,105.5,100
9,105.56,105.56,105.56,105.56,500
10,105.46,105.49,105.46,105.49,900
11,105.42,105.48,105.42,105.48,300
13,105.41,105.42,105.41,105.41,800
15,105.59,105.59,105.59,105.59,500
16,105.69,105.7,105.69,105.7,300
17,105.7,105.7,105.7,105.7,400
19,105.75,105.75,105.75,105.75,100
21,105.86,105.86,105.86,105.86,300
23,105.86,105.86,105.86,105.86,100
26,105.88,105.88,105.88,105.88,100
29,105.77,105.81,105.77,105.81,500
31,105.75,105.75,105.75,105.75,100
32,105.69,105.69,105.69,105.69,100
36,105.68,105.68,105.68,105.68,2000
38,105.7,105.7,105.7,105.7,275
45,105.77,105.77,105.77,105.77,200
47,105.78,105.84,105.78,105.83,395
50,105.68,105.7,105.68,105.7,300
62,105.84,105.84,105.84,105.84,100
64,105.87,105.87,105.87,105.87,100
67,105.84,105.84,105.84,105.84,300
70,105.86,105.86,105.86,105.86,100
71,105.87,105.87,105.87,105.87,200
72,105.72,105.72,105.72,105.72,100
76,105.621,105.621,105.621,105.621,200
86,105.72,105.72,105.72,105.72,500
92,105.73,105.73,105.73,105.73,100
102,105.75,105.75,105.75,105.75,100
109,105.93,105.95,105.93,105.95,400
117,106.01,106.01,106.01,106.01,100
121,105.95,105.96,105.95,105.96,200
124,105.9,105.91,105.9,105.91,2900
138,105.86,105.86,105.86,105.86,100
142,105.89,105.89,105.89,105.89,100
144,105.88,105.89,105.88,105.89,300
151,105.85,105.85,105.85,105.85,100
153,105.79,105.84,105.79,105.84,1500
155,105.83,105.83,105.83,105.83,100
162,105.81,105.81,105.81,105.81,100
167,105.86,105.86,105.86,105.86,219
168,105.9,105.9,105.9,105.9,100
173,105.87,105.87,105.87,105.87,200
181,105.85,105.85,105.85,105.85,100
184,105.87,105.87,105.87,105.87,582
185,105.84,105.84,105.84,105.84,282
187,105.81,105.81,105.81,105.81,100
192,105.76,105.76,105.72,105.72,523
193,105.73,105.73,105.73,105.73,100
194,105.76,105.76,105.74,105.74,200
202,105.81,105.81,105.79,105.79,282
205,105.85,105.85,105.85,105.85,200
206,105.83,105.83,105.83,105.83,100
209,105.81,105.81,105.81,105.81,200
210,105.81,105.81,105.81,105.81,200
211,105.81,105.81,105.81,105.81,100
217,105.82,105.82,105.82,105.82,200
223,105.89,105.89,105.89,105.89,100
224,105.88,105.88,105.88,105.88,300
228,105.9,105.9,105.9,105.9,200
229,105.919,105.919,105.919,105.919,110
232,105.92,105.92,105.92,105.92,200
234,105.89,105.89,105.89,105.89,100
246,105.91,105.91,105.91,105.91,200
251,105.92,105.92,105.92,105.92,183
258,105.96,105.96,105.96,105.96,400
261,105.94,105.94,105.94,105.94,100
262,105.95,105.95,105.95,105.95,100
269,105.99,105.99,105.99,105.99,200
273,105.92,105.92,105.92,105.92,150
275,105.93,105.93,105.93,105.93,100
276,105.94,105.94,105.94,105.94,100
287,105.94,105.94,105.94,105.94,100
291,105.91,105.91,105.91,105.91,200
297,105.95,105.95,105.95,105.95,100
304,105.85,105.85,105.85,105.85,780
305,105.85,105.85,105.85,105.85,290
309,105.82,105.82,105.82,105.82,290
311,105.75,105.76,105.75,105.76,200
314,105.78,105.78,105.78,105.78,380
317,105.81,105.81,105.81,105.81,200
319,105.79,105.79,105.79,105.79,110
325,105.77,105.77,105.77,105.77,100
330,105.93,105.93,105.93,105.93,100
331,105.98,105.98,105.98,105.98,100
334,106.02,106.02,106.02,106.02,100
335,106.03,106.03,106.02,106.02,400
337,106.05,106.05,106.05,106.05,200
342,106.06,106.06,106.06,106.06,100
343,106.04,106.04,106.04,106.04,100
344,106.04,106.04,106.04,106.04,100
345,106.02,106.04,106.02,106.04,200
347,105.98,105.98,105.98,105.98,200
348,106.01,106.01,106.01,106.01,100
349,106.01,106.01,106.01,106.01,100
351,106,106,106,106,100
353,106.01,106.01,106.01,106.01,200
357,106.01,106.01,106.01,106.01,427
358,106,106,106,106,300
364,106.03,106.03,106.03,106.03,150
370,106.01,106.01,106.01,106.01,100
372,106.01,106.01,106.01,106.01,100
373,106,106,106,106,200
376,106.1,106.1,106.1,106.1,100
378,106.11,106.12,106.11,106.12,200
380,106.15,106.15,106.15,106.15,100
382,106.139,106.139,106.139,106.139,300
383,106.13,106.13,106.12,106.12,700
384,106.11,106.12,106.11,106.12,200
385,106.13,106.13,106.12,106.12,300
386,106.12,106.12,106.12,106.12,100
387,106.12,106.12,106.11,106.11,300
389,106.14,106.14,106.14,106.14,200
390,106.11,106.11,106.11,106.11,3719
a1426253400,105.9,105.9,105.9,105.9,5918
1,105.98,105.98,105.98,105.98,200
6,105.79,105.79,105.79,105.79,100
7,105.78,105.79,105.78,105.79,450
12,105.981,105.981,105.981,105.981,300
14,106.08,106.08,106.08,106.08,100
16,106.1,106.1,106.1,106.1,100
18,106.2,106.2,106.2,106.2,403
22,106.13,106.13,106.13,106.13,100
25,106.17,106.17,106.17,106.17,100
27,106.03,106.03,106.03,106.03,100
30,105.97,106.04,105.97,106.04,943
31,106.01,106.01,106,106,200
41,105.64,105.65,105.64,105.65,1000
42,105.67,105.67,105.67,105.67,100
54,105.72,105.72,105.72,105.72,100
61,105.57,105.57,105.57,105.57,100
68,105.72,105.72,105.72,105.72,100
71,105.75,105.75,105.75,105.75,900
76,105.63,105.65,105.63,105.65,300
85,105.35,105.35,105.35,105.35,235
86,105.33,105.33,105.33,105.33,100
90,105.2,105.2,105.2,105.2,100
93,105.26,105.26,105.26,105.26,200
94,105.26,105.26,105.26,105.26,100
101,105.34,105.34,105.34,105.34,100
104,105.38,105.38,105.36,105.36,2100
111,105.26,105.27,105.26,105.27,300
112,105.24,105.24,105.24,105.24,100
115,105.28,105.28,105.28,105.28,269
120,105.151,105.151,105.151,105.151,200
124,105.07,105.07,105.07,105.07,100
130,105.13,105.13,105.13,105.13,300
139,105.02,105.05,105,105.05,2200
151,105.15,105.15,105.15,105.15,200
154,104.94,104.94,104.94,104.94,100
163,105.08,105.09,105.08,105.09,200
166,105.06,105.06,105.06,105.06,100
171,105.03,105.03,105.03,105.03,100
199,105.17,105.17,105.17,105.17,100
201,105.2,105.2,105.2,105.2,100
203,105.1,105.1,105.1,105.1,100
226,105.06,105.06,105.06,105.06,100
232,105.03,105.03,105.03,105.03,100
234,105.03,105.03,105.03,105.03,100
255,105.1,105.1,105.1,105.1,100
261,105.11,105.11,105.11,105.11,100
262,105.12,105.12,105.12,105.12,100
265,105.14,105.14,105.14,105.14,100
268,105.109,105.109,105.109,105.109,100
271,105.12,105.12,105.12,105.12,200
274,105.05,105.05,105.05,105.05,200
275,105.08,105.08,105.08,105.08,100
277,105.09,105.09,105.09,105.09,100
281,105.02,105.02,105.02,105.02,100
283,104.99,104.99,104.99,104.99,100
284,105.01,105.01,105.01,105.01,100
287,105.1,105.1,105.1,105.1,100
289,105.08,105.08,105.08,105.08,100
294,105,105,105,105,100
295,105.02,105.02,105.02,105.02,200
296,104.98,104.98,104.98,104.98,200
297,105.03,105.03,105.02,105.02,300
299,105.08,105.08,105.08,105.08,100
300,105.12,105.12,105.09,105.09,300
302,105.14,105.14,105.14,105.14,200
305,105.19,105.19,105.19,105.19,232
307,105.15,105.15,105.15,105.15,100
308,105.11,105.11,105.11,105.11,100
313,104.95,104.95,104.95,104.95,100
314,104.99,104.99,104.99,104.99,200
320,105.11,105.12,105.11,105.12,200
322,105.11,105.11,105.11,105.11,100
324,105.1,105.1,105.1,105.1,100
325,105.05,105.05,105.05,105.05,100
326,104.99,104.99,104.99,104.99,300
328,105.059,105.059,105.059,105.059,150
330,105.17,105.17,105.17,105.17,100
333,105.16,105.16,105.12,105.16,599
334,105.17,105.17,105.16,105.16,300
336,105.14,105.14,105.14,105.14,200
337,105.15,105.15,105.15,105.15,100
340,105.12,105.12,105.12,105.12,150
341,105.15,105.15,105.15,105.15,100
342,105.19,105.19,105.15,105.15,300
343,105.16,105.16,105.16,105.16,100
351,105.219,105.24,105.219,105.24,700
353,105.25,105.25,105.22,105.22,680
354,105.23,105.23,105.23,105.23,100
356,105.3,105.3,105.3,105.3,100
361,105.41,105.41,105.41,105.41,100
363,105.33,105.36,105.33,105.36,600
365,105.31,105.31,105.31,105.31,100
367,105.34,105.34,105.32,105.32,200
370,105.42,105.42,105.42,105.42,619
371,105.5,105.5,105.44,105.44,300
372,105.57,105.57,105.52,105.52,400
373,105.53,105.53,105.53,105.53,100
374,105.49,105.49,105.49,105.49,100
375,105.47,105.48,105.47,105.48,200
376,105.46,105.46,105.46,105.46,100
377,105.44,105.44,105.44,105.44,100
378,105.45,105.45,105.45,105.45,200
379,105.47,105.49,105.45,105.46,700
380,105.47,105.47,105.47,105.47,200
382,105.54,105.55,105.54,105.54,823
385,105.66,105.66,105.66,105.66,100
387,105.71,105.71,105.71,105.71,368
388,105.67,105.7,105.67,105.7,300
389,105.63,105.65,105.63,105.65,200
390,105.57,105.61,105.55,105.61,3865
a1426512600,105.88,105.88,105.88,105.88,9258
1,106,106,106,106,375
5,105.88,105.89,105.88,105.89,200
6,106,106,106,106,100
7,106,106,106,106,200
9,105.86,105.86,105.86,105.86,100
12,105.97,105.97,105.97,105.97,600
14,106.01,106.01,106.01,106.01,100
16,105.82,105.87,105.82,105.87,400
19,105.97,105.97,105.97,105.97,100
31,106.35,106.35,106.35,106.35,2000
35,106.4,106.4,106.4,106.4,100
37,106.499,106.499,106.499,106.499,280
49,106.41,106.41,106.41,106.41,100
52,106.45,106.45,106.45,106.45,200
53,106.37,106.37,106.37,106.37,200
60,106.359,106.359,106.359,106.359,300
66,106.36,106.36,106.36,106.36,100
68,106.42,106.42,106.42,106.42,100
72,106.35,106.35,106.35,106.35,200
73,106.36,106.36,106.36,106.36,100
78,106.34,106.34,106.34,106.34,100
79,106.32,106.32,106.31,106.31,200
81,106.42,106.42,106.42,106.42,100
102,106.5,106.52,106.5,106.52,12693
103,106.5,106.52,106.5,106.5,3400
104,106.48,106.5,106.48,106.5,400
105,106.46,106.46,106.46,106.46,200
123,106.55,106.55,106.55,106.55,200
129,106.558,106.558,106.558,106.558,100
136,106.49,106.49,106.49,106.49,100
138,106.49,106.49,106.49,106.49,100
155,106.45,106.45,106.45,106.45,2300
158,106.43,106.43,106.43,106.43,100
160,106.42,106.42,106.42,106.42,100
173,106.32,106.32,106.32,106.32,100
196,106.39,106.39,106.39,106.39,100
211,106.36,106.37,106.36,106.37,300
224,106.29,106.29,106.29,106.29,100
257,106.5,106.5,106.5,106.5,100
269,106.52,106.52,106.52,106.52,100
272,106.55,106.55,106.55,106.55,100
274,106.569,106.569,106.569,106.569,250
281,106.55,106.55,106.55,106.55,100
285,106.548,106.548,106.548,106.548,100
297,106.62,106.62,106.62,106.62,100
302,106.64,106.64,106.64,106.64,251
307,106.62,106.62,106.62,106.62,200
318,106.71,106.71,106.71,106.71,100
323,106.66,106.66,106.66,106.66,284
330,106.68,106.68,106.68,106.68,100
339,106.75,106.75,106.75,106.75,100
340,106.73,106.73,106.73,106.73,100
342,106.75,106.75,106.75,106.75,664
343,106.77,106.77,106.77,106.77,1200
349,106.74,106.74,106.74,106.74,100
352,106.69,106.7,106.69,106.7,1000
365,106.82,106.82,106.82,106.82,141
366,106.79,106.79,106.79,106.79,100
375,106.78,106.78,106.78,106.78,100
376,106.788,106.788,106.78,106.78,200
378,106.75,106.75,106.75,106.75,530
380,106.805,106.805,106.78,106.78,300
381,106.81,106.83,106.81,106.82,700
382,106.78,106.8,106.78,106.8,500
383,106.76,106.77,106.76,106.77,200
387,106.81,106.81,106.81,106.81,100
388,106.8,106.8,106.8,106.8,200
389,106.86,106.86,106.86,106.86,100
390,106.84,106.84,106.8,106.84,2502
a1426599000,106.69,106.69,106.69,106.69,7871
1,106.57,106.58,106.57,106.58,200
2,106.58,106.58,106.58,106.58,100
11,106.7,106.7,106.7,106.7,100
20,106.5,106.5,106.5,106.5,115
24,106.45,106.45,106.45,106.45,100
28,106.62,106.62,106.62,106.62,100
35,106.6,106.6,106.6,106.6,100
50,106.55,106.55,106.54,106.54,300
55,106.58,106.58,106.58,106.58,200
62,106.69,106.69,106.65,106.65,600
66,106.63,106.63,106.63,106.63,100
74,106.6,106.6,106.6,106.6,100
75,106.64,106.64,106.64,106.64,200
79,106.66,106.66,106.66,106.66,100
83,106.68,106.68,106.68,106.68,200
90,106.72,106.72,106.72,106.72,100
93,106.6,106.6,106.6,106.6,100
94,106.52,106.52,106.52,106.52,100
106,106.55,106.55,106.55,106.55,100
107,106.44,106.53,106.44,106.53,600
108,106.41,106.43,106.41,106.43,200
111,106.37,106.37,106.37,106.37,100
119,106.53,106.53,106.53,106.53,100
120,106.54,106.54,106.54,106.54,100
122,106.56,106.56,106.56,106.56,100
123,106.56,106.59,106.54,106.54,500
136,106.58,106.61,106.58,106.61,300
145,106.56,106.56,106.56,106.56,100
149,106.66,106.66,106.66,106.66,100
160,106.63,106.63,106.63,106.63,100
167,106.65,106.65,106.65,106.65,100
235,106.93,106.93,106.93,106.93,100
248,106.89,106.89,106.89,106.89,100
263,106.92,106.92,106.92,106.92,100
269,107.03,107.03,106.96,106.96,400
270,107.04,107.04,107.04,107.04,100
286,106.98,106.99,106.98,106.99,200
288,106.96,106.96,106.96,106.96,100
296,106.94,106.94,106.94,106.94,100
301,106.94,106.94,106.94,106.94,100
302,106.95,106.95,106.92,106.93,1370
303,106.92,106.92,106.92,106.92,100
304,106.92,106.92,106.92,106.92,100
305,106.91,106.91,106.91,106.91,300
306,106.91,106.91,106.91,106.91,100
312,106.91,106.91,106.91,106.91,100
314,106.91,106.91,106.91,106.91,100
316,106.92,106.92,106.92,106.92,100
318,106.89,106.89,106.89,106.89,200
320,106.87,106.87,106.87,106.87,400
321,106.86,106.86,106.86,106.86,200
325,106.88,106.88,106.88,106.88,100
326,106.91,106.91,106.91,106.91,100
332,106.93,106.93,106.93,106.93,162
358,107.07,107.07,107.07,107.07,794
368,107.12,107.12,107.12,107.12,100
376,107.02,107.02,107.02,107.02,100
378,107.02,107.02,107.02,107.02,200
379,107.04,107.04,107.03,107.04,1762
381,107.05,107.06,107.05,107.06,200
382,107.06,107.06,107.06,107.06,100
383,107.02,107.02,107.02,107.02,100
384,107.03,107.03,107.03,107.03,100
385,107.03,107.03,107.03,107.03,101
386,107.01,107.01,107.01,107.01,100
387,106.94,106.94,106.94,106.94,100
388,106.9,106.91,106.9,106.91,300
389,106.93,106.93,106.9,106.912,800
390,106.95,106.95,106.92,106.93,2300
a1426685400,106.74,106.74,106.74,106.74,3766
5,106.71,106.71,106.71,106.71,100
6,106.72,106.73,106.72,106.73,300
8,106.76,106.76,106.76,106.76,300
9,106.76,106.76,106.76,106.76,100
11,106.73,106.73,106.73,106.73,100
12,106.67,106.67,106.67,106.67,100
16,106.63,106.63,106.63,106.63,100
18,106.62,106.62,106.62,106.62,100
24,106.76,106.76,106.76,106.76,100
31,106.89,106.89,106.82,106.82,700
35,106.84,106.84,106.84,106.84,100
38,106.9,106.9,106.9,106.9,100
46,106.87,106.87,106.87,106.87,100
51,106.899,106.899,106.899,106.899,360
55,106.9,106.9,106.9,106.9,100
62,106.93,106.93,106.93,106.93,100
66,106.78,106.79,106.78,106.79,1200
68,106.85,106.85,106.85,106.85,100
77,106.91,106.91,106.91,106.91,300
89,106.97,106.97,106.97,106.97,100
107,107.01,107.01,107.01,107.01,100
111,107.01,107.01,107.01,107.01,200
117,106.96,106.96,106.96,106.96,100
130,106.87,106.87,106.87,106.87,127
143,106.78,106.78,106.78,106.78,100
146,106.789,106.789,106.788,106.788,500
153,106.81,106.81,106.81,106.81,100
169,106.78,106.78,106.78,106.78,200
191,106.85,106.85,106.85,106.85,100
198,106.78,106.78,106.78,106.78,100
214,106.68,106.68,106.68,106.68,862
217,106.63,106.63,106.63,106.63,100
230,106.65,106.65,106.65,106.65,100
247,106.55,106.55,106.55,106.55,132
251,106.401,106.412,106.401,106.412,200
252,106.39,106.39,106.39,106.39,100
255,106.45,106.45,106.43,106.43,3300
267,106.63,106.63,106.63,106.63,100
269,106.72,106.72,106.67,106.71,1546
271,107,107,107,107,500
273,107.5,107.5,107.5,107.5,150
274,107.7,107.7,107.7,107.7,100
280,107.64,107.69,107.64,107.69,200
281,107.69,107.69,107.64,107.64,400
282,107.66,107.66,107.66,107.66,100
284,107.68,107.69,107.68,107.69,200
285,107.8,107.8,107.8,107.8,100
286,107.95,107.95,107.9,107.9,350
288,107.98,108,107.98,108,504
289,108.02,108.02,108.02,108.02,100
291,107.96,107.96,107.96,107.96,278
293,107.86,107.86,107.86,107.86,100
299,107.82,107.82,107.82,107.82,200
300,107.92,107.92,107.92,107.92,100
301,107.96,107.96,107.96,107.96,100
303,107.98,107.98,107.98,107.98,100
304,108.2,108.2,108.2,108.2,100
307,108.18,108.18,108.18,108.18,500
309,108.11,108.11,108.11,108.11,100
310,108.11,108.11,108.11,108.11,100
311,108.16,108.16,108.16,108.16,0
312,108.199,108.199,108.188,108.188,0
313,108.15,108.15,108.15,108.15,0
315,108.2,108.2,108.2,108.2,0
317,108.12,108.12,108.12,108.12,0
318,108.06,108.11,108.06,108.11,0
319,108.049,108.049,108.049,108.049,0
320,107.94,107.94,107.94,107.94,0
322,108.01,108.01,107.98,107.98,0
