EXCHANGE%3DNYSEARCA
MARKET_OPEN_MINUTE=570
MARKET_CLOSE_MINUTE=960
INTERVAL=60
COLUMNS=DATE,CLOSE,HIGH,LOW,OPEN,VOLUME
DATA=
TIMEZONE_OFFSET=-300
a1425652200,109.08,109.08,109.08,109.08,5920
1,108.98,108.98,108.98,108.98,255
7,108.93,108.93,108.93,108.93,100
8,108.93,108.93,108.93,108.93,100
10,108.85,108.85,108.85,108.85,400
15,108.89,108.89,108.89,108.89,100
17,108.94,108.94,108.94,108.94,100
18,108.93,108.93,108.93,108.93,100
22,108.77,108.77,108.77,108.77,500
26,109.05,109.07,109.05,109.07,300
31,109.08,109.08,109.08,109.08,100
37,109.04,109.04,109.04,109.04,100
39,109.1,109.1,109.1,109.1,500
41,109.03,109.03,109.03,109.03,100
42,109.11,109.11,109.11,109.11,183
44,109.1,109.1,109.1,109.1,280
46,108.98,108.98,108.98,108.98,100
47,108.98,108.98,108.98,108.98,100
48,108.98,108.98,108.98,108.98,100
49,108.97,108.97,108.97,108.97,100
51,109.03,109.06,109.03,109.06,1952
52,109.02,109.02,109.02,109.02,100
55,109.07,109.07,109.07,109.07,100
56,109.09,109.09,109.07,109.07,2130
59,109.06,109.06,109.06,109.06,100
68,109.11,109.11,109.11,109.11,400
69,109.04,109.04,109.04,109.04,100
71,109,109,109,109,100
78,109,109.03,109,109.03,200
81,109.02,109.02,109.02,109.02,100
82,108.93,108.93,108.93,108.93,100
83,108.96,108.96,108.96,108.96,400
85,108.89,108.89,108.89,108.89,381
87,108.81,108.81,108.81,108.81,100
88,108.85,108.85,108.85,108.85,2000
89,108.85,108.85,108.85,108.85,100
90,108.87,108.87,108.87,108.87,100
91,108.86,108.86,108.86,108.86,100
97,108.67,108.67,108.67,108.67,100
99,108.58,108.6,108.58,108.6,294
103,108.5,108.5,108.5,108.5,100
105,108.57,108.57,108.56,108.56,200
106,108.53,108.55,108.53,108.55,200
109,108.55,108.55,108.55,108.55,100
110,108.46,108.46,108.44,108.44,200
112,108.46,108.46,108.46,108.46,100
115,108.41,108.44,108.41,108.44,200
119,108.44,108.44,108.44,108.44,100
121,108.27,108.27,108.241,108.27,400
122,108.28,108.28,108.28,108.28,100
123,108.27,108.27,108.27,108.27,100
125,108.3,108.3,108.3,108.3,200
127,108.31,108.31,108.31,108.31,100
128,108.35,108.35,108.35,108.35,370
129,108.26,108.26,108.26,108.26,100
132,108.28,108.35,108.28,108.35,617
137,108.18,108.18,108.18,108.18,100
138,108.18,108.18,108.18,108.18,500
140,108.15,108.18,108.15,108.18,200
143,108.23,108.23,108.18,108.18,200
156,108.33,108.33,108.33,108.33,100
158,108.32,108.32,108.32,108.32,243
160,108.39,108.42,108.39,108.42,6500
163,108.36,108.36,108.36,108.36,100
165,108.34,108.34,108.34,108.34,100
167,108.36,108.36,108.36,108.36,859
168,108.3,108.33,108.3,108.33,200
170,108.17,108.24,108.17,108.24,200
171,108.1,108.1,108.1,108.1,100
172,108.001,108.001,108.001,108.001,320
173,108.05,108.05,108.05,108.05,200
174,108,108,108,108,909
177,108.03,108.03,108.03,108.03,100
181,108.09,108.09,108.09,108.09,200
186,108.11,108.11,108.11,108.11,100
193,108.15,108.15,108.15,108.15,200
197,108.21,108.21,108.21,108.21,100
199,108.21,108.21,108.21,108.21,300
202,108.21,108.21,108.21,108.21,100
206,108.01,108.05,108.01,108.05,200
207,108,108,108,108,100
209,108.03,108.03,108.03,108.03,100
212,108.15,108.15,108.15,108.15,500
216,108.01,108.01,108.01,108.01,232
217,108.07,108.07,108.07,108.07,200
220,107.99,108.05,107.99,108.05,200
223,108.02,108.02,108.02,108.02,100
225,108.05,108.05,108.04,108.04,3874
226,108.09,108.09,108.09,108.09,100
230,108.06,108.06,108.06,108.06,100
232,108,108,108,108,100
234,107.96,107.96,107.96,107.96,200
235,107.9,107.94,107.9,107.94,200
236,107.87,107.87,107.87,107.87,200
238,107.84,107.87,107.84,107.87,749
239,107.92,107.92,107.92,107.92,300
244,107.91,107.91,107.9,107.9,200
245,107.88,107.88,107.88,107.88,100
248,107.89,107.91,107.88,107.91,500
250,107.89,107.89,107.88,107.88,200
251,107.88,107.88,107.88,107.88,200
252,107.9,107.9,107.9,107.9,375
253,107.91,107.92,107.91,107.92,200
254,107.89,107.89,107.89,107.89,100
256,107.87,107.87,107.87,107.87,100
258,107.81,107.81,107.8,107.8,1479
259,107.84,107.84,107.82,107.82,200
260,107.84,107.84,107.84,107.84,100
261,107.87,107.87,107.87,107.87,100
263,107.859,107.859,107.859,107.859,100
265,107.87,107.87,107.87,107.87,400
268,107.85,107.85,107.85,107.85,100
270,107.93,107.93,107.93,107.93,100
273,108.03,108.03,108.03,108.03,100
274,108.02,108.02,108.02,108.02,390
275,108.06,108.06,108.06,108.06,100
278,108.08,108.08,108.08,108.08,100
279,108.14,108.14,108.14,108.14,100
282,108.17,108.199,108.17,108.199,300
285,108.13,108.13,108.13,108.13,100
287,108.11,108.11,108.11,108.11,100
289,108.07,108.07,108.07,108.07,100
293,107.9,107.9,107.9,107.9,100
294,107.9,107.9,107.84,107.84,481
296,107.9,107.9,107.9,107.9,100
297,107.93,107.93,107.92,107.92,545
298,107.92,107.93,107.92,107.93,300
306,107.88,107.91,107.88,107.91,500
308,107.82,107.85,107.82,107.85,200
309,107.81,107.81,107.81,107.81,1500
315,107.75,107.75,107.74,107.74,381
316,107.8,107.8,107.79,107.79,996
317,107.79,107.79,107.79,107.79,100
318,107.78,107.78,107.78,107.78,100
321,107.76,107.76,107.76,107.76,100
322,107.72,107.72,107.72,107.72,100
323,107.739,107.739,107.739,107.739,600
329,107.77,107.77,107.77,107.77,100
336,107.959,107.96,107.959,107.96,750
338,107.919,107.919,107.919,107.919,600
339,107.93,107.93,107.93,107.93,300
340,107.88,107.88,107.88,107.88,100
341,107.87,107.87,107.87,107.87,100
342,107.9,107.9,107.9,107.9,100
343,107.83,107.83,107.83,107.83,200
345,107.82,107.82,107.82,107.82,100
346,107.83,107.86,107.83,107.84,1200
349,107.82,107.82,107.82,107.82,100
352,107.86,107.86,107.86,107.86,194
355,107.88,107.88,107.86,107.86,700
356,107.91,107.91,107.91,107.91,100
359,107.76,107.76,107.75,107.75,679
360,107.73,107.73,107.73,107.73,100
361,107.72,107.72,107.7,107.7,200
362,107.76,107.78,107.75,107.75,300
363,107.75,107.75,107.75,107.75,100
364,107.68,107.68,107.65,107.65,390
365,107.639,107.639,107.63,107.63,280
369,107.65,107.65,107.6,107.6,600
371,107.58,107.58,107.58,107.58,300
372,107.6,107.6,107.6,107.6,100
374,107.55,107.58,107.55,107.58,250
375,107.57,107.59,107.57,107.59,482
376,107.6,107.6,107.6,107.6,100
377,107.61,107.62,107.61,107.62,600
379,107.61,107.649,107.61,107.649,550
380,107.59,107.59,107.59,107.59,100
381,107.64,107.64,107.59,107.59,930
386,107.74,107.75,107.74,107.75,200
387,107.68,107.69,107.68,107.69,200
389,107.64,107.69,107.64,107.69,500
390,107.75,107.75,107.67,107.67,542
TIMEZONE_OFFSET=-240
a1425907800,108.14,108.14,108.14,108.14,6070
1,108.1,108.1,108.1,108.1,200
3,107.95,108,107.95,108,200
4,107.93,107.93,107.93,107.93,100
6,107.84,107.84,107.84,107.84,100
7,107.81,107.81,107.79,107.79,217
8,107.76,107.76,107.76,107.76,500
9,107.76,107.76,107.76,107.76,100
10,107.83,107.85,107.82,107.82,400
12,107.97,107.97,107.97,107.97,200
13,107.89,107.91,107.89,107.91,300
14,107.88,107.88,107.88,107.88,100
15,107.9,107.9,107.9,107.9,300
16,107.85,107.85,107.85,107.85,200
17,107.75,107.75,107.75,107.75,100
20,107.79,107.79,107.79,107.79,100
21,107.78,107.78,107.78,107.78,100
25,107.81,107.81,107.81,107.81,500
26,107.81,107.81,107.81,107.81,100
30,107.97,107.97,107.97,107.97,100
31,107.97,107.97,107.97,107.97,100
36,108.02,108.02,108.02,108.02,100
46,107.96,107.96,107.96,107.96,500
50,107.99,107.99,107.99,107.99,2173
58,107.85,107.85,107.85,107.85,100
60,107.9,107.9,107.9,107.9,200
61,107.87,107.87,107.87,107.87,200
68,107.919,107.919,107.919,107.919,200
71,107.89,107.89,107.89,107.89,100
72,107.93,107.93,107.93,107.93,100
80,107.96,107.96,107.96,107.96,100
84,108.02,108.02,108.02,108.02,100
85,108.04,108.04,108.04,108.04,100
86,108.02,108.02,108.02,108.02,200
87,107.95,107.97,107.95,107.97,300
89,107.96,107.96,107.93,107.93,200
90,107.96,107.96,107.96,107.96,100
91,107.92,107.92,107.92,107.92,100
95,107.87,107.87,107.87,107.87,100
98,107.98,107.98,107.95,107.95,500
100,107.99,107.99,107.99,107.99,400
101,107.95,107.95,107.95,107.95,200
102,107.97,107.97,107.97,107.97,200
103,107.96,107.962,107.96,107.962,400
104,107.96,107.96,107.96,107.96,100
106,108,108,107.98,107.98,500
107,108.07,108.07,108.07,108.07,100
114,107.96,107.96,107.96,107.96,400
115,107.97,107.97,107.97,107.97,100
117,108.03,108.03,108.02,108.02,400
118,108.08,108.08,108.06,108.06,400
119,108.12,108.12,108.09,108.09,500
128,108.16,108.16,108.16,108.16,200
130,108.12,108.13,108.12,108.13,200
141,108.16,108.16,108.16,108.16,100
142,108.1,108.1,108.1,108.1,300
143,108.09,108.09,108.09,108.09,200
144,108.049,108.049,108.049,108.049,500
147,108.07,108.07,108.07,108.07,100
151,108.09,108.09,108.09,108.09,100
153,108,108,108,108,100
157,108,108,108,108,100
183,107.97,107.97,107.97,107.97,100
184,107.96,107.96,107.96,107.96,100
199,108.07,108.07,108.07,108.07,200
208,108.1,108.1,108.1,108.1,200
209,108.12,108.12,108.12,108.12,400
211,108.09,108.09,108.09,108.09,100
218,108.11,108.11,108.11,108.11,100
227,108.23,108.24,108.23,108.24,200
229,108.19,108.19,108.18,108.18,1890
239,108.16,108.16,108.16,108.16,100
240,108.22,108.22,108.22,108.22,100
244,108.34,108.36,108.34,108.36,200
259,108.639,108.639,108.639,108.639,184
261,108.6,108.6,108.6,108.6,100
263,108.57,108.57,108.57,108.57,100
264,108.589,108.589,108.589,108.589,1000
267,108.59,108.59,108.59,108.59,100
268,108.59,108.59,108.59,108.59,2749
271,108.5,108.5,108.47,108.47,300
274,108.48,108.48,108.48,108.48,100
285,108.34,108.34,108.34,108.34,200
287,108.34,108.34,108.34,108.34,100
301,108.11,108.11,108.11,108.11,100
303,108.16,108.16,108.16,108.16,100
304,108.16,108.16,108.16,108.16,500
306,108.17,108.17,108.15,108.15,2700
310,108,108,108,108,300
312,107.99,107.99,107.99,107.99,300
313,107.92,107.92,107.92,107.92,400
314,107.92,107.92,107.88,107.88,1000
318,108.08,108.08,108.08,108.08,200
320,108.11,108.11,108.11,108.11,100
321,108.17,108.17,108.14,108.14,800
329,108.19,108.19,108.19,108.19,100
331,108.21,108.21,108.21,108.21,100
333,108.21,108.21,108.21,108.21,200
335,108.23,108.23,108.23,108.23,100
336,108.21,108.21,108.21,108.21,3100
338,108.22,108.22,108.22,108.22,200
341,108.31,108.31,108.31,108.31,243
357,108.21,108.21,108.21,108.21,200
362,108.32,108.32,108.31,108.31,605
363,108.36,108.36,108.36,108.36,100
364,108.33,108.33,108.33,108.33,100
366,108.299,108.299,108.299,108.299,315
372,108.27,108.27,108.27,108.27,400
374,108.29,108.29,108.29,108.29,100
376,108.29,108.29,108.29,108.29,200
377,108.351,108.351,108.351,108.351,125
380,108.43,108.43,108.41,108.41,200
381,108.44,108.44,108.44,108.44,500
382,108.36,108.41,108.36,108.41,600
384,108.33,108.35,108.33,108.35,200
385,108.35,108.36,108.33,108.34,500
386,108.31,108.31,108.31,108.31,100
389,108.29,108.29,108.29,108.29,100
390,108.2,108.22,108.2,108.22,1819
a1425994200,107.41,107.48,107.41,107.48,4877
1,107.46,107.46,107.43,107.43,200
3,107.45,107.45,107.37,107.37,200
4,107.47,107.47,107.47,107.47,100
5,107.52,107.52,107.42,107.42,300
7,107.36,107.48,107.36,107.48,400
8,107.4,107.4,107.3,107.37,900
9,107.42,107.42,107.42,107.42,100
10,107.42,107.43,107.39,107.39,800
11,107.39,107.39,107.39,107.39,100
15,107.25,107.3,107.25,107.3,251
16,107.2,107.2,107.2,107.2,100
17,107.11,107.14,107.11,107.14,226
18,107.11,107.11,107.11,107.11,100
20,107.14,107.15,107.14,107.15,400
21,106.99,107,106.98,107,650
22,106.98,106.98,106.98,106.98,100
23,107.04,107.04,107.04,107.04,100
28,107.09,107.11,107.09,107.11,200
31,107.02,107.02,107.02,107.02,100
33,107.07,107.07,107.07,107.07,100
34,107,107,107,107,100
36,107.03,107.03,107.03,107.03,100
37,107.03,107.03,107.03,107.03,100
40,106.99,106.99,106.99,106.99,200
41,106.98,106.98,106.98,106.98,100
44,106.87,106.91,106.87,106.91,1800
46,106.76,106.76,106.76,106.76,200
47,106.701,106.701,106.7,106.7,400
48,106.78,106.78,106.75,106.75,2200
51,106.81,106.81,106.81,106.81,100
53,106.78,106.8,106.78,106.8,200
54,106.75,106.75,106.75,106.75,100
57,106.78,106.78,106.78,106.78,100
58,106.7,106.73,106.7,106.73,300
61,106.72,106.72,106.72,106.72,100
63,106.63,106.63,106.63,106.63,100
66,106.59,106.59,106.59,106.59,100
67,106.51,106.55,106.51,106.55,480
69,106.45,106.45,106.45,106.45,300
70,106.46,106.46,106.42,106.43,500
71,106.44,106.44,106.44,106.44,100
72,106.54,106.54,106.54,106.54,784
73,106.52,106.52,106.52,106.52,400
79,106.48,106.48,106.48,106.48,100
81,106.64,106.64,106.64,106.64,100
83,106.64,106.64,106.64,106.64,100
85,106.64,106.64,106.64,106.64,100
86,106.63,106.63,106.63,106.63,100
90,106.66,106.66,106.66,106.66,100
91,106.62,106.62,106.62,106.62,100
92,106.67,106.67,106.66,106.66,2144
96,106.76,106.76,106.76,106.76,100
97,106.82,106.82,106.82,106.82,200
98,106.83,106.83,106.83,106.83,100
102,106.8,106.8,106.8,106.8,100
106,106.93,106.93,106.93,106.93,100
108,106.91,106.91,106.91,106.91,100
110,106.91,106.91,106.91,106.91,100
111,106.99,107,106.99,107,600
112,106.97,106.97,106.97,106.97,100
115,106.89,106.89,106.89,106.89,100
120,106.89,106.89,106.89,106.89,100
122,106.86,106.86,106.86,106.86,200
123,106.91,106.91,106.91,106.91,400
124,106.9,106.9,106.9,106.9,300
131,106.77,106.77,106.77,106.77,395
132,106.73,106.76,106.73,106.76,200
136,106.61,106.65,106.61,106.65,488
139,106.62,106.62,106.62,106.62,100
143,106.51,106.51,106.51,106.51,100
146,106.47,106.47,106.47,106.47,100
147,106.49,106.49,106.49,106.49,100
148,106.49,106.49,106.47,106.47,200
149,106.48,106.48,106.48,106.48,100
154,106.28,106.28,106.28,106.28,100
163,106.42,106.42,106.42,106.42,100
164,106.46,106.46,106.46,106.46,100
166,106.46,106.49,106.46,106.46,315
167,106.45,106.45,106.45,106.45,100
175,106.34,106.34,106.34,106.34,100
177,106.31,106.31,106.31,106.31,600
179,106.33,106.34,106.33,106.34,700
181,106.25,106.25,106.25,106.25,200
182,106.27,106.27,106.27,106.27,100
185,106.191,106.191,106.191,106.191,113
187,106.22,106.22,106.22,106.22,100
197,106.41,106.41,106.37,106.37,400
198,106.39,106.39,106.39,106.39,100
204,106.38,106.38,106.38,106.38,100
205,106.35,106.39,106.35,106.39,600
206,106.35,106.35,106.35,106.35,100
207,106.36,106.36,106.36,106.36,100
208,106.38,106.38,106.38,106.38,100
209,106.37,106.37,106.37,106.37,100
210,106.35,106.35,106.35,106.35,200
215,106.31,106.31,106.31,106.31,100
218,106.32,106.32,106.32,106.32,100
221,106.25,106.25,106.25,106.25,100
227,106.27,106.27,106.27,106.27,100
231,106.35,106.35,106.35,106.35,100
232,106.44,106.44,106.44,106.44,100
233,106.44,106.45,106.44,106.45,200
236,106.5,106.5,106.5,106.5,100
237,106.51,106.52,106.51,106.52,200
239,106.49,106.49,106.49,106.49,100
240,106.44,106.47,106.44,106.47,400
246,106.4,106.4,106.39,106.39,200
249,106.4,106.4,106.4,106.4,100
250,106.4,106.4,106.4,106.4,100
251,106.4,106.42,106.4,106.42,200
252,106.42,106.42,106.42,106.42,100
254,106.41,106.41,106.41,106.41,100
257,106.46,106.47,106.46,106.47,200
258,106.5,106.5,106.45,106.45,2700
259,106.49,106.49,106.49,106.49,200
263,106.52,106.52,106.52,106.52,100
264,106.51,106.52,106.51,106.52,200
265,106.481,106.49,106.481,106.49,400
266,106.48,106.48,106.48,106.48,100
267,106.45,106.45,106.45,106.45,100
268,106.44,106.46,106.44,106.46,374
269,106.44,106.44,106.44,106.44,100
270,106.43,106.43,106.43,106.43,100
274,106.48,106.48,106.45,106.45,440
277,106.53,106.54,106.53,106.54,300
281,106.57,106.58,106.57,106.58,200
282,106.56,106.56,106.56,106.56,200
286,106.37,106.37,106.36,106.36,200
287,106.37,106.37,106.37,106.37,100
297,106.25,106.25,106.25,106.25,600
298,106.25,106.25,106.25,106.25,200
299,106.23,106.23,106.23,106.23,100
301,106.22,106.22,106.22,106.22,100
303,106.33,106.33,106.33,106.33,100
305,106.29,106.29,106.29,106.29,100
311,106.27,106.28,106.27,106.28,200
318,106.38,106.38,106.37,106.37,543
320,106.35,106.35,106.35,106.35,200
322,106.31,106.31,106.31,106.31,100
325,106.3,106.32,106.3,106.32,400
326,106.22,106.22,106.22,106.22,400
328,106.2,106.2,106.2,106.2,100
331,106.2,106.2,106.2,106.2,100
336,106.3,106.3,106.3,106.3,200
337,106.29,106.29,106.29,106.29,100
339,106.34,106.34,106.34,106.34,100
340,106.38,106.38,106.38,106.38,100
341,106.35,106.35,106.35,106.35,362
345,106.31,106.31,106.31,106.31,600
347,106.34,106.34,106.32,106.32,275
353,106.47,106.47,106.47,106.47,300
357,106.45,106.45,106.45,106.45,100
358,106.39,106.39,106.39,106.39,400
359,106.4,106.4,106.4,106.4,203
360,106.37,106.37,106.36,106.36,400
361,106.27,106.27,106.27,106.27,100
363,106.22,106.22,106.22,106.22,100
366,106.211,106.212,106.211,106.212,400
368,106.28,106.28,106.28,106.28,762
369,106.28,106.28,106.28,106.28,100
371,106.28,106.28,106.27,106.27,3352
373,106.27,106.27,106.27,106.27,400
374,106.32,106.32,106.32,106.32,100
375,106.32,106.32,106.32,106.32,100
377,106.24,106.24,106.24,106.24,100
378,106.26,106.26,106.26,106.26,100
379,106.26,106.26,106.26,106.26,100
380,106.23,106.32,106.23,106.32,1100
381,106.18,106.18,106.18,106.18,574
382,106.19,106.19,106.19,106.19,100
383,106.15,106.15,106.15,106.15,100
384,106.16,106.17,106.15,106.15,1967
385,106.15,106.15,106.15,106.15,100
386,106.08,106.1,106.08,106.1,528
387,106.06,106.06,106.06,106.06,100
388,106.1,106.1,106.1,106.1,650
389,106.08,106.08,106.08,106.08,100
390,106.06,106.1,106.04,106.1,3996
a1426080600,106.12,106.12,106.12,106.12,7546
2,106.1,106.1,106.1,106.1,100
3,106.06,106.06,106.06,106.06,150
4,106,106,106,106,300
6,105.95,105.95,105.92,105.92,200
9,105.85,105.85,105.85,105.85,100
10,105.83,105.83,105.83,105.83,100
14,106,106,106,106,500
17,106.02,106.02,106.02,106.02,101
21,106.04,106.04,106.04,106.04,100
23,106,106,106,106,220
36,106.23,106.23,106.23,106.23,200
37,106.35,106.35,106.26,106.26,300
42,106.27,106.27,106.27,106.27,100
43,106.21,106.21,106.209,106.209,296
46,106.08,106.08,106.08,106.08,300
47,106.07,106.07,106.07,106.07,200
49,106,106,106,106,300
53,105.93,105.93,105.93,105.93,100
55,105.97,105.97,105.93,105.93,2099
59,105.99,105.99,105.99,105.99,100
60,105.99,105.99,105.99,105.99,500
63,106.04,106.04,106.04,106.04,100
65,105.86,105.86,105.86,105.86,100
66,105.83,105.83,105.83,105.83,1286
70,105.83,105.83,105.83,105.83,1300
106,105.83,105.83,105.83,105.83,100
110,105.89,105.89,105.89,105.89,100
115,105.78,105.78,105.78,105.78,100
117,105.9,105.9,105.87,105.87,200
125,106.07,106.07,106.07,106.07,1999
137,105.99,105.99,105.99,105.99,100
144,106.05,106.05,106.05,106.05,307
148,106,106,106,106,100
149,106.02,106.02,106.02,106.02,100
156,105.95,105.95,105.95,105.95,100
160,105.93,105.93,105.93,105.93,232
169,106.02,106.02,106.02,106.02,100
170,106.05,106.05,106.05,106.05,100
183,105.85,105.85,105.85,105.85,200
190,106.03,106.03,106.03,106.03,100
197,106.05,106.05,106.05,106.05,100
200,106,106,106,106,100
221,105.94,105.94,105.94,105.94,6800
226,105.96,105.96,105.96,105.96,100
227,105.98,105.98,105.96,105.96,200
229,105.94,105.95,105.94,105.95,300
245,105.74,105.74,105.74,105.74,100
248,105.81,105.81,105.8,105.8,200
253,105.75,105.75,105.75,105.75,100
255,105.72,105.72,105.72,105.72,100
257,105.57,105.57,105.56,105.56,200
258,105.52,105.52,105.52,105.52,100
260,105.55,105.55,105.55,105.55,100
280,105.73,105.73,105.73,105.73,100
281,105.75,105.75,105.75,105.75,100
282,105.75,105.75,105.75,105.75,100
286,105.74,105.74,105.74,105.74,100
287,105.79,105.79,105.79,105.79,100
290,105.88,105.88,105.88,105.88,500
294,105.8,105.8,105.8,105.8,400
301,105.83,105.83,105.82,105.82,300
303,105.77,105.77,105.77,105.77,100
312,105.71,105.71,105.71,105.71,100
318,105.81,105.81,105.81,105.81,200
319,105.78,105.78,105.78,105.78,100
320,105.8,105.8,105.8,105.8,100
332,105.83,105.83,105.83,105.83,115
334,105.84,105.84,105.84,105.84,100
336,105.81,105.81,105.81,105.81,200
340,105.75,105.75,105.75,105.75,100
345,105.63,105.63,105.63,105.63,709
346,105.66,105.66,105.66,105.66,100
352,105.57,105.57,105.57,105.57,200
361,105.43,105.43,105.43,105.43,769
365,105.41,105.41,105.41,105.41,100
372,105.46,105.46,105.45,105.45,200
375,105.54,105.54,105.54,105.54,100
376,105.56,105.56,105.56,105.56,200
377,105.51,105.52,105.51,105.52,200
378,105.51,105.51,105.51,105.51,458
380,105.44,105.47,105.44,105.46,400
381,105.48,105.48,105.44,105.44,400
383,105.49,105.49,105.48,105.48,200
384,105.5,105.5,105.49,105.49,200
386,105.52,105.52,105.52,105.52,100
387,105.54,105.55,105.54,105.55,500
388,105.54,105.54,105.54,105.54,100
389,105.52,105.53,105.52,105.53,1000
390,105.48,105.52,105.48,105.52,4976
a1426167000,105.23,105.23,105.23,105.23,10871
2,105.21,105.21,105.21,105.21,100
3,105.18,105.18,105.18,105.18,104
4,105.22,105.22,105.22,105.22,300
5,105.24,105.24,105.24,105.24,100
7,105.5,105.5,105.5,105.5,100
9,105.56,105.56,105.56,105.56,500
10,105.46,105.49,105.46,105.49,900
11,105.42,105.48,105.42,105.48,300
13,105.41,105.42,105.41,105.41,800
15,105.59,105.59,105.59,105.59,500
16,105.69,105.7,105.69,105.7,300
17,105.7,105.7,105.7,105.7,400
19,105.75,105.75,105.75,105.75,100
21,105.86,105.86,105.86,105.86,300
23,105.86,105.86,105.86,105.86,100
26,105.88,105.88,105.88,105.88,100
29,105.77,105.81,105.77,105.81,500
31,105.75,105.75,105.75,105.75,100
32,105.69,105.69,105.69,105.69,100
36,105.68,105.68,105.68,105.68,2000
38,105.7,105.7,105.7,105.7,275
45,105.77,105.77,105.77,105.77,200
47,105.78,105.84,105.78,105.83,395
50,105.68,105.7,105.68,105.7,300
62,105.84,105.84,105.84,105.84,100
64,105.87,105.87,105.87,105.87,100
67,105.84,105.84,105.84,105.84,300
70,105.86,105.86,105.86,105.86,100
71,105.87,105.87,105.87,105.87,200
72,105.72,105.72,105.72,105.72,100
76,105.621,105.621,105.621,105.621,200
86,105.72,105.72,105.72,105.72,500
92,105.73,105.73,105.73,105.73,100
102,105.75,105.75,105.75,105.75,100
109,105.93,105.95,105.93,105.95,400
117,106.01,106.01,106.01,106.01,100
121,105.95,105.96,105.95,105.96,200
124,105.9,105.91,105.9,105.91,2900
138,105.86,105.86,105.86,105.86,100
142,105.89,105.89,105.89,105.89,100
144,105.88,105.89,105.88,105.89,300
151,105.85,105.85,105.85,105.85,100
153,105.79,105.84,105.79,105.84,1500
155,105.83,105.83,105.83,105.83,100
162,105.81,105.81,105.81,105.81,100
167,105.86,105.86,105.86,105.86,219
168,105.9,105.9,105.9,105.9,100
173,105.87,105.87,105.87,105.87,200
181,105.85,105.85,105.85,105.85,100
184,105.87,105.87,105.87,105.87,582
185,105.84,105.84,105.84,105.84,282
187,105.81,105.81,105.81,105.81,100
192,105.76,105.76,105.72,105.72,523
193,105.73,105.73,105.73,105.73,100
194,105.76,105.76,105.74,105.74,200
202,105.81,105.81,105.79,105.79,282
205,105.85,105.85,105.85,105.85,200
206,105.83,105.83,105.83,105.83,100
209,105.81,105.81,105.81,105.81,200
210,105.81,105.81,105.81,105.81,200
211,105.81,105.81,105.81,105.81,100
217,105.82,105.82,105.82,105.82,200
223,105.89,105.89,105.89,105.89,100
224,105.88,105.88,105.88,105.88,300
228,105.9,105.9,105.9,105.9,200
229,105.919,105.919,105.919,105.919,110
232,105.92,105.92,105.92,105.92,200
234,105.89,105.89,105.89,105.89,100
246,105.91,105.91,105.91,105.91,200
251,105.92,105.92,105.92,105.92,183
258,105.96,105.96,105.96,105.96,400
261,105.94,105.94,105.94,105.94,100
262,105.95,105.95,105.95,105.95,100
269,105.99,105.99,105.99,105.99,200
273,105.92,105.92,105.92,105.92,150
275,105.93,105.93,105.93,105.93,100
276,105.94,105.94,105.94,105.94,100
287,105.94,105.94,105.94,105.94,100
291,105.91,105.91,105.91,105.91,200
297,105.95,105.95,105.95,105.95,100
304,105.85,105.85,105.85,105.85,780
305,105.85,105.85,105.85,105.85,290
309,105.82,105.82,105.82,105.82,290
311,105.75,105.76,105.75,105.76,200
314,105.78,105.78,105.78,105.78,380
317,105.81,105.81,105.81,105.81,200
319,105.79,105.79,105.79,105.79,110
325,105.77,105.77,105.77,105.77,100
330,105.93,105.93,105.93,105.93,100
331,105.98,105.98,105.98,105.98,100
334,106.02,106.02,106.02,106.02,100
335,106.03,106.03,106.02,106.02,400
337,106.05,106.05,106.05,106.05,200
342,106.06,106.06,106.06,106.06,100
343,106.04,106.04,106.04,106.04,100
344,106.04,106.04,106.04,106.04,100
345,106.02,106.04,106.02,106.04,200
347,105.98,105.98,105.98,105.98,200
348,106.01,106.01,106.01,106.01,100
349,106.01,106.01,106.01,106.01,100
351,106,106,106,106,100
353,106.01,106.01,106.01,106.01,200
357,106.01,106.01,106.01,106.01,427
358,106,106,106,106,300
364,106.03,106.03,106.03,106.03,150
370,106.01,106.01,106.01,106.01,100
372,106.01,106.01,106.01,106.01,100
373,106,106,106,106,200
376,106.1,106.1,106.1,106.1,100
378,106.11,106.12,106.11,106.12,200
380,106.15,106.15,106.15,106.15,100
382,106.139,106.139,106.139,106.139,300
383,106.13,106.13,106.12,106.12,700
384,106.11,106.12,106.11,106.12,200
385,106.13,106.13,106.12,106.12,300
386,106.12,106.12,106.12,106.12,100
387,106.12,106.12,106.11,106.11,300
389,106.14,106.14,106.14,106.14,200
390,106.11,106.11,106.11,106.11,3719
a1426253400,105.9,105.9,105.9,105.9,5918
1,105.98,105.98,105.98,105.98,200
6,105.79,105.79,105.79,105.79,100
7,105.78,105.79,105.78,105.79,450
12,105.981,105.981,105.981,105.981,300
14,106.08,106.08,106.08,106.08,100
16,106.1,106.1,106.1,106.1,100
18,106.2,106.2,106.2,106.2,403
22,106.13,106.13,106.13,106.13,100
25,106.17,106.17,106.17,106.17,100
27,106.03,106.03,106.03,106.03,100
30,105.97,106.04,105.97,106.04,943
31,106.01,106.01,106,106,200
41,105.64,105.65,105.64,105.65,1000
42,105.67,105.67,105.67,105.67,100
54,105.72,105.72,105.72,105.72,100
61,105.57,105.57,105.57,105.57,100
68,105.72,105.72,105.72,105.72,100
71,105.75,105.75,105.75,105.75,900
76,105.63,105.65,105.63,105.65,300
85,105.35,105.35,105.35,105.35,235
86,105.33,105.33,105.33,105.33,100
90,105.2,105.2,105.2,105.2,100
93,105.26,105.26,105.26,105.26,200
94,105.26,105.26,105.26,105.26,100
101,105.34,105.34,105.34,105.34,100
104,105.38,105.38,105.36,105.36,2100
111,105.26,105.27,105.26,105.27,300
112,105.24,105.24,105.24,105.24,100
115,105.28,105.28,105.28,105.28,269
120,105.151,105.151,105.151,105.151,200
124,105.07,105.07,105.07,105.07,100
130,105.13,105.13,105.13,105.13,300
139,105.02,105.05,105,105.05,2200
151,105.15,105.15,105.15,105.15,200
154,104.94,104.94,104.94,104.94,100
163,105.08,105.09,105.08,105.09,200
166,105.06,105.06,105.06,105.06,100
171,105.03,105.03,105.03,105.03,100
199,105.17,105.17,105.17,105.17,100
201,105.2,105.2,105.2,105.2,100
203,105.1,105.1,105.1,105.1,100
226,105.06,105.06,105.06,105.06,100
232,105.03,105.03,105.03,105.03,100
234,105.03,105.03,105.03,105.03,100
255,105.1,105.1,105.1,105.1,100
261,105.11,105.11,105.11,105.11,100
262,105.12,105.12,105.12,105.12,100
265,105.14,105.14,105.14,105.14,100
268,105.109,105.109,105.109,105.109,100
271,105.12,105.12,105.12,105.12,200
274,105.05,105.05,105.05,105.05,200
275,105.08,105.08,105.08,105.08,100
277,105.09,105.09,105.09,105.09,100
281,105.02,105.02,105.02,105.02,100
283,104.99,104.99,104.99,104.99,100
284,105.01,105.01,105.01,105.01,100
287,105.1,105.1,105.1,105.1,100
289,105.08,105.08,105.08,105.08,100
294,105,105,105,105,100
295,105.02,105.02,105.02,105.02,200
296,104.98,104.98,104.98,104.98,200
297,105.03,105.03,105.02,105.02,300
299,105.08,105.08,105.08,105.08,100
300,105.12,105.12,105.09,105.09,300
302,105.14,105.14,105.14,105.14,200
305,105.19,105.19,105.19,105.19,232
307,105.15,105.15,105.15,105.15,100
308,105.11,105.11,105.11,105.11,100
313,104.95,104.95,104.95,104.95,100
314,104.99,104.99,104.99,104.99,200
320,105.11,105.12,105.11,105.12,200
322,105.11,105.11,105.11,105.11,100
324,105.1,105.1,105.1,105.1,100
325,105.05,105.05,105.05,105.05,100
326,104.99,104.99,104.99,104.99,300
328,105.059,105.059,105.059,105.059,150
330,105.17,105.17,105.17,105.17,100
333,105.16,105.16,105.12,105.16,599
334,105.17,105.17,105.16,105.16,300
336,105.14,105.14,105.14,105.14,200
337,105.15,105.15,105.15,105.15,100
340,105.12,105.12,105.12,105.12,150
341,105.15,105.15,105.15,105.15,100
342,105.19,105.19,105.15,105.15,300
343,105.16,105.16,105.16,105.16,100
351,105.219,105.24,105.219,105.24,700
353,105.25,105.25,105.22,105.22,680
354,105.23,105.23,105.23,105.23,100
356,105.3,105.3,105.3,105.3,100
361,105.41,105.41,105.41,105.41,100
363,105.33,105.36,105.33,105.36,600
365,105.31,105.31,105.31,105.31,100
367,105.34,105.34,105.32,105.32,200
370,105.42,105.42,105.42,105.42,619
371,105.5,105.5,105.44,105.44,300
372,105.57,105.57,105.52,105.52,400
373,105.53,105.53,105.53,105.53,100
374,105.49,105.49,105.49,105.49,100
375,105.47,105.48,105.47,105.48,200
376,105.46,105.46,105.46,105.46,100
377,105.44,105.44,105.44,105.44,100
378,105.45,105.45,105.45,105.45,200
379,105.47,105.49,105.45,105.46,700
380,105.47,105.47,105.47,105.47,200
382,105.54,105.55,105.54,105.54,823
385,105.66,105.66,105.66,105.66,100
387,105.71,105.71,105.71,105.71,368
388,105.67,105.7,105.67,105.7,300
389,105.63,105.65,105.63,105.65,200
390,105.57,105.61,105.55,105.61,3865
a1426512600,105.88,105.88,105.88,105.88,9258
1,106,106,106,106,375
5,105.88,105.89,105.88,105.89,200
6,106,106,106,106,100
7,106,106,106,106,200
9,105.86,105.86,105.86,105.86,100
12,105.97,105.97,105.97,105.97,600
14,106.01,106.01,106.01,106.01,100
16,105.82,105.87,105.82,105.87,400
19,105.97,105.97,105.97,105.97,100
31,106.35,106.35,106.35,106.35,2000
35,106.4,106.4,106.4,106.4,100
37,106.499,106.499,106.499,106.499,280
49,106.41,106.41,106.41,106.41,100
52,106.45,106.45,106.45,106.45,200
53,106.37,106.37,106.37,106.37,200
60,106.359,106.359,106.359,106.359,300
66,106.36,106.36,106.36,106.36,100
68,106.42,106.42,106.42,106.42,100
72,106.35,106.35,106.35,106.35,200
73,106.36,106.36,106.36,106.36,100
78,106.34,106.34,106.34,106.34,100
79,106.32,106.32,106.31,106.31,200
81,106.42,106.42,106.42,106.42,100
102,106.5,106.52,106.5,106.52,12693
103,106.5,106.52,106.5,106.5,3400
104,106.48,106.5,106.48,106.5,400
105,106.46,106.46,106.46,106.46,200
123,106.55,106.55,106.55,106.55,200
129,106.558,106.558,106.558,106.558,100
136,106.49,106.49,106.49,106.49,100
138,106.49,106.49,106.49,106.49,100
155,106.45,106.45,106.45,106.45,2300
158,106.43,106.43,106.43,106.43,100
160,106.42,106.42,106.42,106.42,100
173,106.32,106.32,106.32,106.32,100
196,106.39,106.39,106.39,106.39,100
211,106.36,106.37,106.36,106.37,300
224,106.29,106.29,106.29,106.29,100
257,106.5,106.5,106.5,106.5,100
269,106.52,106.52,106.52,106.52,100
272,106.55,106.55,106.55,106.55,100
274,106.569,106.569,106.569,106.569,250
281,106.55,106.55,106.55,106.55,100
285,106.548,106.548,106.548,106.548,100
297,106.62,106.62,106.62,106.62,100
302,106.64,106.64,106.64,106.64,251
307,106.62,106.62,106.62,106.62,200
318,106.71,106.71,106.71,106.71,100
323,106.66,106.66,106.66,106.66,284
330,106.68,106.68,106.68,106.68,100
339,106.75,106.75,106.75,106.75,100
340,106.73,106.73,106.73,106.73,100
342,106.75,106.75,106.75,106.75,664
343,106.77,106.77,106.77,106.77,1200
349,106.74,106.74,106.74,106.74,100
352,106.69,106.7,106.69,106.7,1000
365,106.82,106.82,106.82,106.82,141
366,106.79,106.79,106.79,106.79,100
375,106.78,106.78,106.78,106.78,100
376,106.788,106.788,106.78,106.78,200
378,106.75,106.75,106.75,106.75,530
380,106.805,106.805,106.78,106.78,300
381,106.81,106.83,106.81,106.82,700
382,106.78,106.8,106.78,106.8,500
383,106.76,106.77,106.76,106.77,200
387,106.81,106.81,106.81,106.81,100
388,106.8,106.8,106.8,106.8,200
389,106.86,106.86,106.86,106.86,100
390,106.84,106.84,106.8,106.84,2502
a1426599000,106.69,106.69,106.69,106.69,7871
1,106.57,106.58,106.57,106.58,200
2,106.58,106.58,106.58,106.58,100
11,106.7,106.7,106.7,106.7,100
20,106.5,106.5,106.5,106.5,115
24,106.45,106.45,106.45,106.45,100
28,106.62,106.62,106.62,106.62,100
35,106.6,106.6,106.6,106.6,100
50,106.55,106.55,106.54,106.54,300
55,106.58,106.58,106.58,106.58,200
62,106.69,106.69,106.65,106.65,600
66,106.63,106.63,106.63,106.63,100
74,106.6,106.6,106.6,106.6,100
75,106.64,106.64,106.64,106.64,200
79,106.66,106.66,106.66,106.66,100
83,106.68,106.68,106.68,106.68,200
90,106.72,106.72,106.72,106.72,100
93,106.6,106.6,106.6,106.6,100
94,106.52,106.52,106.52,106.52,100
106,106.55,106.55,106.55,106.55,100
107,106.44,106.53,106.44,106.53,600
108,106.41,106.43,106.41,106.43,200
111,106.37,106.37,106.37,106.37,100
119,106.53,106.53,106.53,106.53,100
120,106.54,106.54,106.54,106.54,100
122,106.56,106.56,106.56,106.56,100
123,106.56,106.59,106.54,106.54,500
136,106.58,106.61,106.58,106.61,300
145,106.56,106.56,106.56,106.56,100
149,106.66,106.66,106.66,106.66,100
160,106.63,106.63,106.63,106.63,100
167,106.65,106.65,106.65,106.65,100
235,106.93,106.93,106.93,106.93,100
248,106.89,106.89,106.89,106.89,100
263,106.92,106.92,106.92,106.92,100
269,107.03,107.03,106.96,106.96,400
270,107.04,107.04,107.04,107.04,100
286,106.98,106.99,106.98,106.99,200
288,106.96,106.96,106.96,106.96,100
296,106.94,106.94,106.94,106.94,100
301,106.94,106.94,106.94,106.94,100
302,106.95,106.95,106.92,106.93,1370
303,106.92,106.92,106.92,106.92,100
304,106.92,106.92,106.92,106.92,100
305,106.91,106.91,106.91,106.91,300
306,106.91,106.91,106.91,106.91,100
312,106.91,106.91,106.91,106.91,100
314,106.91,106.91,106.91,106.91,100
316,106.92,106.92,106.92,106.92,100
318,106.89,106.89,106.89,106.89,200
320,106.87,106.87,106.87,106.87,400
321,106.86,106.86,106.86,106.86,200
325,106.88,106.88,106.88,106.88,100
326,106.91,106.91,106.91,106.91,100
332,106.93,106.93,106.93,106.93,162
358,107.07,107.07,107.07,107.07,794
368,107.12,107.12,107.12,107.12,100
376,107.02,107.02,107.02,107.02,100
378,107.02,107.02,107.02,107.02,200
379,107.04,107.04,107.03,107.04,1762
381,107.05,107.06,107.05,107.06,200
382,107.06,107.06,107.06,107.06,100
383,107.02,107.02,107.02,107.02,100
384,107.03,107.03,107.03,107.03,100
385,107.03,107.03,107.03,107.03,101
386,107.01,107.01,107.01,107.01,100
387,106.94,106.94,106.94,106.94,100
388,106.9,106.91,106.9,106.91,300
389,106.93,106.93,106.9,106.912,800
390,106.95,106.95,106.92,106.93,2300
a1426685400,106.74,106.74,106.74,106.74,3766
5,106.71,106.71,106.71,106.71,100
6,106.72,106.73,106.72,106.73,300
8,106.76,106.76,106.76,106.76,300
9,106.76,106.76,106.76,106.76,100
11,106.73,106.73,106.73,106.73,100
12,106.67,106.67,106.67,106.67,100
16,106.63,106.63,106.63,106.63,100
18,106.62,106.62,106.62,106.62,100
24,106.76,106.76,106.76,106.76,100
31,106.89,106.89,106.82,106.82,700
35,106.84,106.84,106.84,106.84,100
38,106.9,106.9,106.9,106.9,100
46,106.87,106.87,106.87,106.87,100
51,106.899,106.899,106.899,106.899,360
55,106.9,106.9,106.9,106.9,100
62,106.93,106.93,106.93,106.93,100
66,106.78,106.79,106.78,106.79,1200
68,106.85,106.85,106.85,106.85,100
77,106.91,106.91,106.91,106.91,300
89,106.97,106.97,106.97,106.97,100
107,107.01,107.01,107.01,107.01,100
111,107.01,107.01,107.01,107.01,200
117,106.96,106.96,106.96,106.96,100
130,106.87,106.87,106.87,106.87,127
143,106.78,106.78,106.78,106.78,100
146,106.789,106.789,106.788,106.788,500
153,106.81,106.81,106.81,106.81,100
169,106.78,106.78,106.78,106.78,200
191,106.85,106.85,106.85,106.85,100
198,106.78,106.78,106.78,106.78,100
214,106.68,106.68,106.68,106.68,862
217,106.63,106.63,106.63,106.63,100
230,106.65,106.65,106.65,106.65,100
247,106.55,106.55,106.55,106.55,132
251,106.401,106.412,106.401,106.412,200
252,106.39,106.39,106.39,106.39,100
255,106.45,106.45,106.43,106.43,3300
267,106.63,106.63,106.63,106.63,100
269,106.72,106.72,106.67,106.71,1546
271,107,107,107,107,500
273,107.5,107.5,107.5,107.5,150
274,107.7,107.7,107.7,107.7,100
280,107.64,107.69,107.64,107.69,200
281,107.69,107.69,107.64,107.64,400
282,107.66,107.66,107.66,107.66,100
284,107.68,107.69,107.68,107.69,200
285,107.8,107.8,107.8,107.8,100
286,107.95,107.95,107.9,107.9,350
288,107.98,108,107.98,108,504
289,108.02,108.02,108.02,108.02,100
291,107.96,107.96,107.96,107.96,278
293,107.86,107.86,107.86,107.86,100
299,107.82,107.82,107.82,107.82,200
300,107.92,107.92,107.92,107.92,100
301,107.96,107.96,107.96,107.96,100
303,107.98,107.98,107.98,107.98,100
304,108.2,108.2,108.2,108.2,100
307,108.18,108.18,108.18,108.18,500
309,108.11,108.11,108.11,108.11,100
310,108.11,108.11,108.11,108.11,100
312,108.188,108.188,108.188,108.188,100
313,108.15,108.15,108.15,108.15,200
315,108.2,108.2,108.2,108.2,127
317,108.12,108.12,108.12,108.12,100
322,107.98,107.98,107.98,107.98,100
331,108.15,108.15,108.15,108.15,110
335,108.25,108.25,108.25,108.25,100
339,108.33,108.33,108.33,108.33,100
344,108.5,108.5,108.489,108.489,747
345,108.53,108.53,108.529,108.529,930
346,108.65,108.65,108.65,108.65,100
350,108.58,108.58,108.58,108.58,300
355,108.58,108.58,108.58,108.58,100
356,108.52,108.52,108.52,108.52,100
358,108.5,108.5,108.5,108.5,700
361,108.41,108.41,108.41,108.41,1200
362,108.43,108.43,108.43,108.43,100
364,108.37,108.37,108.37,108.37,100
367,108.34,108.34,108.34,108.34,100
368,108.32,108.32,108.32,108.32,300
369,108.3,108.3,108.3,108.3,132
370,108.3,108.3,108.3,108.3,100
376,108.25,108.25,108.25,108.25,100
378,108.22,108.26,108.22,108.26,400
379,108.22,108.22,108.22,108.22,1450
380,108.21,108.21,108.21,108.21,200
381,108.16,108.16,108.16,108.16,600
382,108.15,108.15,108.14,108.14,300
383,108.14,108.14,108.14,108.14,100
384,108.19,108.19,108.16,108.16,300
385,108.21,108.21,108.21,108.21,100
387,108.17,108.2,108.17,108.2,500
388,108.18,108.18,108.17,108.17,200
389,108.2,108.2,108.18,108.18,600
390,108.24,108.24,108.21,108.21,1757
a1426771800,108.21,108.21,108.21,108.21,6625
1,108.2,108.2,108.2,108.2,714
5,108.24,108.24,108.23,108.23,1950
6,108.31,108.31,108.31,108.31,100
8,108.34,108.34,108.34,108.34,800
11,108.29,108.29,108.29,108.29,100
12,108.26,108.26,108.26,108.26,100
15,108.14,108.19,108.14,108.19,200
16,108.05,108.05,108.05,108.05,100
17,108.04,108.04,108.04,108.04,100
25,108.159,108.159,108.158,108.158,255
28,108.14,108.14,108.14,108.14,100
29,108.18,108.18,108.18,108.18,100
30,108.21,108.21,108.21,108.21,100
45,108.31,108.32,108.31,108.32,300
52,108.48,108.48,108.48,108.48,100
53,108.51,108.51,108.51,108.51,300
54,108.49,108.49,108.49,108.49,200
55,108.49,108.49,108.49,108.49,200
61,108.38,108.38,108.38,108.38,200
86,108.23,108.23,108.23,108.23,200
96,108.36,108.36,108.36,108.36,100
121,108.2,108.2,108.19,108.19,200
132,108.15,108.15,108.15,108.15,100
140,108.15,108.17,108.15,108.17,300
144,108.14,108.14,108.14,108.14,100
151,108.23,108.23,108.23,108.23,200
155,108.25,108.25,108.25,108.25,261
164,108.22,108.22,108.22,108.22,241
165,108.22,108.22,108.22,108.22,200
167,108.25,108.25,108.25,108.25,341
168,108.22,108.22,108.22,108.22,1241
169,108.19,108.19,108.19,108.19,967
171,108.21,108.22,108.21,108.22,300
172,108.19,108.19,108.19,108.19,205
176,108.21,108.21,108.21,108.21,500
181,108.25,108.25,108.25,108.25,100
185,108.23,108.23,108.23,108.23,100
186,108.21,108.21,108.21,108.21,200
189,108.13,108.13,108.13,108.13,200
192,108.13,108.13,108.13,108.13,100
193,108.15,108.15,108.15,108.15,100
197,108.21,108.21,108.2,108.2,200
198,108.19,108.19,108.19,108.19,100
200,108.16,108.16,108.16,108.16,100
203,108.09,108.09,108.09,108.09,100
204,108.09,108.09,108.09,108.09,100
206,108.06,108.06,108.06,108.06,200
211,108.04,108.04,108.04,108.04,100
214,108.07,108.07,108.07,108.07,125
232,108.32,108.32,108.32,108.32,100
240,108.37,108.38,108.37,108.38,200
241,108.37,108.37,108.37,108.37,100
246,108.33,108.34,108.33,108.34,300
249,108.29,108.29,108.29,108.29,218
257,108.26,108.26,108.26,108.26,100
264,108.25,108.25,108.25,108.25,100
265,108.26,108.26,108.26,108.26,121
268,108.18,108.18,108.18,108.18,100
272,108.18,108.18,108.18,108.18,100
273,108.14,108.14,108.14,108.14,100
281,108.37,108.37,108.37,108.37,100
285,108.26,108.26,108.26,108.26,100
287,108.29,108.29,108.29,108.29,100
292,108.22,108.22,108.22,108.22,100
302,108.32,108.32,108.32,108.32,100
304,108.26,108.27,108.26,108.27,200
310,108.32,108.32,108.32,108.32,100
312,108.35,108.35,108.35,108.35,100
318,108.38,108.38,108.38,108.38,200
319,108.33,108.33,108.33,108.33,100
322,108.35,108.35,108.35,108.35,100
325,108.31,108.31,108.31,108.31,200
331,108.37,108.37,108.37,108.37,200
334,108.37,108.37,108.37,108.37,200
335,108.38,108.39,108.38,108.39,400
336,108.4,108.4,108.39,108.39,300
337,108.37,108.37,108.37,108.37,1000
338,108.34,108.35,108.34,108.35,290
340,108.35,108.35,108.35,108.35,100
342,108.33,108.33,108.33,108.33,100
346,108.33,108.33,108.33,108.33,200
347,108.31,108.31,108.31,108.31,440
350,108.29,108.29,108.29,108.29,200
351,108.25,108.25,108.25,108.25,100
352,108.23,108.23,108.23,108.23,100
354,108.22,108.22,108.22,108.22,100
355,108.17,108.17,108.17,108.17,200
360,108.22,108.22,108.22,108.22,100
361,108.21,108.24,108.18,108.23,887
362,108.23,108.23,108.23,108.23,100
364,108.3,108.3,108.3,108.3,100
365,108.31,108.31,108.31,108.31,100
366,108.3,108.3,108.3,108.3,100
367,108.24,108.26,108.24,108.26,200
369,108.31,108.31,108.31,108.31,100
373,108.22,108.27,108.22,108.27,200
375,108.18,108.18,108.18,108.18,100
380,108.23,108.23,108.23,108.23,100
381,108.22,108.22,108.21,108.21,200
383,108.19,108.19,108.19,108.19,400
384,108.16,108.16,108.16,108.16,100
385,108.18,108.18,108.16,108.16,200
389,108.14,108.17,108.14,108.17,1100
390,108.15,108.16,108.15,108.16,2154
a1426858200,108.64,108.64,108.61,108.61,4963
4,108.64,108.64,108.64,108.64,200
5,108.73,108.73,108.73,108.73,100
7,108.69,108.73,108.69,108.73,300
9,108.73,108.73,108.73,108.73,100
12,108.7,108.7,108.7,108.7,100
16,108.65,108.65,108.65,108.65,600
18,108.7,108.72,108.7,108.72,400
20,108.6,108.6,108.6,108.6,125
23,108.69,108.69,108.69,108.69,200
29,108.77,108.77,108.77,108.77,100
30,108.77,108.77,108.77,108.77,100
31,108.78,108.78,108.78,108.78,100
37,108.78,108.78,108.78,108.78,100
38,108.79,108.79,108.77,108.77,200
40,108.77,108.77,108.769,108.769,964
42,108.73,108.73,108.73,108.73,100
46,108.79,108.79,108.77,108.77,400
49,108.84,108.84,108.84,108.84,100
50,108.81,108.84,108.81,108.84,400
52,108.86,108.86,108.86,108.86,100
56,108.82,108.84,108.82,108.84,300
57,108.78,108.78,108.78,108.78,100
59,108.82,108.82,108.82,108.82,100
60,108.82,108.82,108.82,108.82,200
63,108.9,108.9,108.9,108.9,100
64,108.9,108.9,108.9,108.9,100
65,108.88,108.88,108.88,108.88,100
66,108.87,108.87,108.87,108.87,200
67,108.97,108.97,108.93,108.93,655
68,108.98,108.98,108.98,108.98,100
73,108.95,108.95,108.95,108.95,200
74,109,109,109,109,100
75,109,109,109,109,200
77,108.96,108.96,108.96,108.96,100
78,108.91,108.95,108.91,108.95,1325
88,108.92,108.92,108.92,108.92,100
92,108.95,108.95,108.95,108.95,100
94,108.99,108.99,108.99,108.99,100
95,109,109,108.99,108.99,600
99,108.93,108.94,108.93,108.94,300
103,108.95,108.95,108.95,108.95,200
106,109.01,109.01,108.97,108.97,500
112,108.95,108.95,108.95,108.95,100
114,108.97,108.97,108.97,108.97,100
115,109,109,109,109,100
121,109.06,109.06,109.06,109.06,321
124,109.05,109.05,109.05,109.05,424
126,109.05,109.05,109.05,109.05,100
136,109.02,109.04,109.02,109.04,200
137,109.03,109.03,109.03,109.03,107
139,109.02,109.02,109.02,109.02,100
144,109.02,109.02,109.02,109.02,100
145,109.01,109.02,109.01,109.02,200
151,109,109.02,109,109.02,500
155,109.05,109.06,109.04,109.04,1630
156,109.04,109.04,109.04,109.04,100
157,109.04,109.04,109.04,109.04,200
163,109.038,109.038,109.038,109.038,100
165,109.04,109.04,109.04,109.04,100
173,109,109,109,109,100
177,108.99,108.99,108.99,108.99,100
179,109,109,109,109,600
181,108.98,108.98,108.98,108.98,100
185,109.02,109.02,109.02,109.02,200
186,109,109,109,109,100
187,109.019,109.019,109.018,109.018,700
188,108.98,108.98,108.98,108.98,100
192,108.99,108.99,108.99,108.99,100
195,109.05,109.05,109.05,109.05,175
196,109.04,109.04,109.04,109.04,100
197,109.03,109.03,109.03,109.03,100
203,109.07,109.07,109.06,109.06,382
204,109.15,109.15,109.13,109.14,2200
205,109.15,109.15,109.15,109.15,418
207,109.14,109.14,109.14,109.14,200
209,109.15,109.15,109.15,109.15,100
211,109.13,109.13,109.13,109.13,100
217,109.17,109.17,109.17,109.17,100
219,109.2,109.2,109.2,109.2,100
222,109.17,109.17,109.17,109.17,100
223,109.17,109.17,109.16,109.16,300
226,109.17,109.17,109.17,109.17,100
227,109.2,109.2,109.2,109.2,325
229,109.25,109.25,109.25,109.25,146
231,109.269,109.269,109.268,109.268,525
232,109.24,109.24,109.24,109.24,100
235,109.23,109.23,109.22,109.22,200
236,109.22,109.22,109.22,109.22,100
241,109.23,109.23,109.23,109.23,275
243,109.21,109.21,109.21,109.21,275
244,109.22,109.22,109.22,109.22,275
245,109.23,109.23,109.23,109.23,2720
250,109.22,109.23,109.22,109.23,200
253,109.24,109.24,109.24,109.24,100
255,109.24,109.24,109.24,109.24,185
257,109.23,109.23,109.23,109.23,400
260,109.24,109.25,109.24,109.25,200
262,109.23,109.23,109.23,109.23,100
264,109.22,109.22,109.22,109.22,200
265,109.21,109.21,109.2,109.21,4257
266,109.2,109.2,109.2,109.2,259
267,109.19,109.19,109.19,109.19,200
270,109.21,109.21,109.21,109.21,100
271,109.22,109.22,109.22,109.22,100
272,109.24,109.24,109.24,109.24,100
273,109.24,109.24,109.24,109.24,100
275,109.22,109.22,109.22,109.22,200
277,109.21,109.21,109.21,109.21,200
278,109.21,109.21,109.21,109.21,100
279,109.25,109.25,109.23,109.23,200
281,109.2,109.21,109.2,109.21,200
282,109.19,109.19,109.19,109.19,100
283,109.17,109.17,109.17,109.17,200
286,109.17,109.17,109.17,109.17,100
287,109.18,109.18,109.18,109.18,200
288,109.17,109.18,109.17,109.18,200
290,109.17,109.18,109.17,109.18,584
292,109.16,109.16,109.16,109.16,200
293,109.17,109.17,109.17,109.17,100
294,109.16,109.16,109.16,109.16,200
296,109.1,109.15,109.1,109.15,500
298,109.11,109.11,109.11,109.11,348
300,109.13,109.13,109.13,109.13,100
301,109.12,109.12,109.12,109.12,100
303,109.13,109.13,109.13,109.13,100
306,109.16,109.16,109.16,109.16,300
308,109.19,109.19,109.19,109.19,3741
310,109.19,109.19,109.19,109.19,200
312,109.16,109.16,109.16,109.16,200
313,109.16,109.16,109.16,109.16,100
316,109.17,109.17,109.17,109.17,100
317,109.15,109.15,109.15,109.15,100
318,109.12,109.14,109.12,109.14,200
322,109.14,109.14,109.14,109.14,100
324,109.149,109.149,109.149,109.149,150
325,109.16,109.16,109.15,109.15,400
330,109.21,109.21,109.21,109.21,277
332,109.19,109.19,109.19,109.19,200
334,109.21,109.21,109.21,109.21,100
341,109.19,109.19,109.19,109.19,200
342,109.2,109.2,109.2,109.2,100
344,109.19,109.19,109.19,109.19,100
346,109.11,109.11,109.11,109.11,200
348,109.04,109.04,109.04,109.04,100
349,109.04,109.04,109.04,109.04,100
350,109,109,109,109,100
352,108.93,108.93,108.93,108.93,145
355,108.96,108.96,108.96,108.96,636
358,108.921,108.921,108.921,108.921,170
359,108.94,108.94,108.94,108.94,581
361,109.01,109.01,108.96,108.96,300
362,108.961,108.962,108.961,108.962,300
364,108.97,108.97,108.97,108.97,100
367,108.93,108.97,108.93,108.97,300
368,108.95,108.95,108.95,108.95,100
370,109.01,109.01,109.01,109.01,100
371,109.02,109.02,109.02,109.02,100
373,109.03,109.03,109.03,109.03,100
375,109,109,109,109,100
378,109.01,109.04,109.01,109.03,2455
379,109.03,109.03,109.01,109.01,400
380,109.02,109.02,109.02,109.02,600
381,109.02,109.02,109.02,109.02,100
382,108.98,108.99,108.98,108.99,300
383,108.93,108.93,108.93,108.93,200
384,108.89,108.89,108.89,108.89,100
386,108.87,108.87,108.87,108.87,100
389,108.86,108.86,108.85,108.85,500
390,108.77,108.83,108.76,108.83,4975
a1427117400,108.85,108.85,108.85,108.85,15228
3,108.95,108.95,108.95,108.95,290
4,108.9,108.9,108.9,108.9,125
6,108.98,108.98,108.98,108.98,200
7,108.87,108.87,108.87,108.87,400
12,109.04,109.04,109.04,109.04,200
14,109.06,109.1,109.06,109.1,200
15,109.06,109.06,109.06,109.06,200
28,108.93,108.93,108.93,108.93,200
30,108.86,108.86,108.86,108.86,100
31,108.86,108.86,108.86,108.86,100
35,108.93,108.93,108.93,108.93,200
40,108.96,108.96,108.96,108.96,100
43,109.039,109.039,109.038,109.038,600
45,109.06,109.06,109.06,109.06,200
46,109.06,109.06,109.06,109.06,103
55,109.09,109.09,109.09,109.09,100
68,108.94,108.94,108.94,108.94,200
81,109.01,109.01,109.01,109.01,496
91,108.85,108.85,108.85,108.85,100
94,108.89,108.89,108.89,108.89,200
106,108.96,108.96,108.96,108.96,100
112,109.03,109.03,109.03,109.03,100
137,108.88,108.88,108.88,108.88,150
139,108.92,108.92,108.92,108.92,100
143,108.93,108.93,108.93,108.93,100
150,109,109,109,109,359
157,108.97,108.97,108.97,108.97,100
161,108.99,108.99,108.99,108.99,200
182,109.04,109.04,109.04,109.04,100
189,109.06,109.06,109.05,109.05,237
191,109.06,109.06,109.06,109.06,100
192,109.06,109.06,109.06,109.06,100
195,109.08,109.08,109.07,109.07,300
208,109.03,109.03,109.03,109.03,500
210,109.03,109.03,109.03,109.03,100
211,109.04,109.04,109.04,109.04,100
223,109.05,109.05,109.05,109.05,100
224,109.04,109.04,109.04,109.04,200
225,109.05,109.05,109.05,109.05,279
237,109.12,109.12,109.12,109.12,100
240,109.08,109.08,109.08,109.08,207
241,109.06,109.06,109.06,109.06,100
255,109.15,109.15,109.15,109.15,100
260,109.13,109.13,109.13,109.13,4000
272,109.13,109.13,109.13,109.13,365
280,109.25,109.25,109.25,109.25,172
281,109.28,109.28,109.28,109.28,200
284,109.26,109.26,109.26,109.26,100
301,109.25,109.26,109.25,109.26,300
303,109.21,109.21,109.21,109.21,200
311,109.25,109.25,109.25,109.25,100
318,109.22,109.22,109.22,109.22,100
320,109.16,109.16,109.16,109.16,100
330,109.14,109.14,109.14,109.14,100
337,109.13,109.13,109.13,109.13,100
339,109.09,109.09,109.09,109.09,1295
344,109.041,109.041,109.041,109.041,300
345,109.05,109.05,109.05,109.05,100
346,109.03,109.03,109.03,109.03,100
349,109.01,109.01,109.01,109.01,3691
353,109.02,109.02,109.02,109.02,100
362,108.97,108.97,108.96,108.96,1042
363,108.99,108.99,108.99,108.99,200
380,108.96,108.97,108.96,108.97,200
381,108.95,108.95,108.95,108.95,100
385,108.93,108.93,108.93,108.93,100
386,108.91,108.92,108.91,108.92,455
388,108.88,108.88,108.88,108.88,250
389,108.88,108.88,108.88,108.88,400
390,108.8,108.83,108.8,108.83,2736
a1427203800,108.8,108.95,108.8,108.95,8887
1,108.95,108.95,108.95,108.95,100
4,108.95,108.95,108.95,108.95,250
5,108.85,108.85,108.85,108.85,390
8,108.84,108.84,108.84,108.84,100
11,108.64,108.64,108.64,108.64,200
12,108.65,108.65,108.65,108.65,100
16,108.63,108.63,108.63,108.63,100
28,108.8,108.8,108.8,108.8,100
33,108.96,108.96,108.96,108.96,442
34,108.92,108.92,108.91,108.91,2288
40,108.98,108.98,108.98,108.98,100
45,108.99,109.01,108.99,109.01,300
46,109.01,109.01,109.01,109.01,100
47,109.04,109.04,109.04,109.04,100
49,109.06,109.06,109.06,109.06,100
57,108.95,108.95,108.95,108.95,200
61,108.98,108.98,108.98,108.98,100
67,108.98,108.98,108.98,108.98,121
70,108.95,108.95,108.95,108.95,200
77,108.96,108.96,108.96,108.96,211
81,108.93,108.93,108.92,108.92,275
89,109.04,109.04,109.04,109.04,200
94,108.95,108.95,108.95,108.95,643
101,109.08,109.08,109.08,109.08,506
114,109.15,109.15,109.15,109.15,100
117,109.13,109.14,109.13,109.14,200
127,109.14,109.14,109.14,109.14,242
151,109.07,109.07,109.07,109.07,400
169,109.1,109.1,109.1,109.1,100
172,109.1,109.1,109.1,109.1,100
175,109.07,109.07,109.07,109.07,440
180,109.06,109.06,109.06,109.06,100
183,108.97,108.97,108.97,108.97,200
186,108.94,108.94,108.94,108.94,261
200,108.92,108.92,108.92,108.92,100
206,108.91,108.91,108.91,108.91,193
213,108.91,108.91,108.91,108.91,4000
216,108.93,108.93,108.93,108.93,200
225,108.9,108.9,108.9,108.9,153
233,108.95,108.95,108.95,108.95,275
240,108.74,108.74,108.74,108.74,100
246,108.76,108.76,108.76,108.76,100
259,108.75,108.75,108.75,108.75,275
260,108.73,108.73,108.73,108.73,300
264,108.82,108.82,108.82,108.82,275
277,108.69,108.69,108.69,108.69,100
280,108.74,108.74,108.74,108.74,175
296,108.615,108.62,108.615,108.62,1400
299,108.59,108.59,108.59,108.59,100
306,108.57,108.57,108.57,108.57,700
310,108.589,108.589,108.589,108.589,320
316,108.64,108.64,108.64,108.64,100
317,108.64,108.64,108.64,108.64,174
323,108.67,108.67,108.67,108.67,100
328,108.67,108.67,108.67,108.67,100
333,108.74,108.74,108.74,108.74,114
336,108.75,108.75,108.75,108.75,100
339,108.79,108.79,108.79,108.79,100
351,108.71,108.78,108.71,108.78,400
353,108.57,108.58,108.57,108.58,300
371,108.67,108.67,108.67,108.67,150
376,108.56,108.56,108.55,108.55,601
377,108.6,108.6,108.6,108.6,100
378,108.62,108.62,108.62,108.62,100
380,108.5,108.5,108.5,108.5,506
383,108.5,108.5,108.5,108.5,100
384,108.51,108.51,108.48,108.48,583
388,108.48,108.48,108.48,108.48,400
389,108.5,108.5,108.49,108.49,200
390,108.5,108.5,108.44,108.49,3569
a1427290200,108.49,108.49,108.49,108.49,7819
1,108.52,108.52,108.52,108.52,100
4,108.37,108.37,108.37,108.37,200
6,108.12,108.12,108.12,108.12,100
7,108,108,108,108,200
8,107.94,107.94,107.94,107.94,100
27,107.51,107.51,107.51,107.51,100
31,107.53,107.53,107.53,107.53,100
45,107.64,107.64,107.64,107.64,200
47,107.62,107.62,107.62,107.62,100
57,107.76,107.79,107.76,107.79,200
74,107.42,107.42,107.42,107.42,100
75,107.4,107.4,107.4,107.4,100
79,107.37,107.37,107.37,107.37,109
81,107.42,107.42,107.37,107.37,900
85,107.51,107.51,107.5,107.5,200
105,107.41,107.41,107.41,107.41,200
121,107.15,107.15,107.15,107.15,100
129,106.88,106.88,106.88,106.88,345
130,106.74,106.74,106.74,106.74,100
131,106.6,106.6,106.6,106.6,100
132,106.58,106.58,106.58,106.58,100
138,106.55,106.55,106.55,106.55,100
140,106.6,106.6,106.6,106.6,100
145,106.59,106.59,106.59,106.59,100
152,106.58,106.58,106.58,106.58,100
154,106.47,106.47,106.47,106.47,100
155,106.5,106.5,106.5,106.5,100
162,106.47,106.47,106.47,106.47,100
171,106.36,106.36,106.36,106.36,100
173,106.3,106.3,106.3,106.3,100
194,106.2,106.23,106.2,106.23,300
204,106.27,106.27,106.27,106.27,100
214,106.43,106.43,106.43,106.43,100
216,106.351,106.351,106.351,106.351,300
221,106.29,106.29,106.29,106.29,100
222,106.25,106.25,106.25,106.25,100
223,106.18,106.18,106.18,106.18,100
227,106.14,106.14,106.14,106.14,200
234,106.08,106.08,106.06,106.06,300
245,106.24,106.24,106.24,106.24,200
254,106.37,106.37,106.37,106.37,100
266,106.35,106.35,106.35,106.35,100
270,106.28,106.31,106.28,106.31,200
271,106.24,106.24,106.24,106.24,100
274,106.26,106.26,106.26,106.26,300
277,106.26,106.26,106.26,106.26,100
278,106.24,106.24,106.24,106.24,100
279,106.2,106.2,106.2,106.2,700
281,106.13,106.13,106.13,106.13,200
286,106.09,106.09,106.09,106.09,500
287,106.202,106.21,106.16,106.16,3900
299,106.24,106.24,106.24,106.24,100
301,106.3,106.3,106.3,106.3,100
302,106.27,106.27,106.27,106.27,100
307,106.21,106.21,106.21,106.21,100
317,106.09,106.09,106.09,106.09,100
321,106.15,106.15,106.15,106.15,100
332,106,106,106,106,970
341,105.92,105.92,105.92,105.92,100
346,106.029,106.029,106,106,200
350,105.96,105.96,105.96,105.96,100
351,105.95,105.95,105.95,105.95,400
352,105.96,105.96,105.96,105.96,100
354,105.85,105.85,105.85,105.85,1600
355,105.87,105.87,105.87,105.87,100
357,105.82,105.82,105.82,105.82,700
360,105.74,105.74,105.74,105.74,100
361,105.74,105.74,105.74,105.74,200
362,105.77,105.77,105.77,105.77,466
363,105.71,105.75,105.71,105.75,700
367,105.759,105.759,105.759,105.759,124
370,105.789,105.789,105.789,105.789,166
374,105.7,105.7,105.7,105.7,100
375,105.75,105.75,105.72,105.72,250
376,105.65,105.74,105.65,105.74,650
377,105.62,105.62,105.62,105.62,600
378,105.58,105.6,105.58,105.6,800
379,105.58,105.58,105.58,105.58,145
380,105.54,105.6,105.54,105.58,1200
381,105.55,105.55,105.55,105.55,200
382,105.52,105.54,105.52,105.54,800
384,105.55,105.55,105.54,105.54,600
385,105.5,105.529,105.5,105.529,725
386,105.569,105.569,105.569,105.569,143
388,105.62,105.62,105.61,105.61,341
389,105.58,105.6,105.57,105.6,979
390,105.52,105.55,105.51,105.55,4744
a1427376600,104.89,104.89,104.89,104.89,10046
1,104.53,104.8,104.53,104.8,7326
2,104.58,104.58,104.58,104.58,100
4,104.43,104.57,104.43,104.57,200
5,104.52,104.55,104.5,104.5,376
6,104.53,104.53,104.53,104.53,100
7,104.71,104.71,104.57,104.57,500
8,104.71,104.71,104.68,104.68,300
10,104.6,104.6,104.6,104.6,550
13,104.9,104.9,104.9,104.9,500
15,104.97,104.97,104.97,104.97,200
21,105.27,105.3,105.27,105.3,286
22,105.29,105.29,105.29,105.29,100
24,105.25,105.25,105.25,105.25,250
30,104.83,104.84,104.83,104.84,475
31,104.87,104.87,104.87,104.87,100
32,104.92,104.92,104.92,104.92,800
33,104.88,104.88,104.88,104.88,100
34,104.92,104.92,104.92,104.92,100
35,104.87,104.9,104.87,104.9,700
36,104.83,104.83,104.83,104.83,100
37,104.64,104.77,104.64,104.77,400
42,104.61,104.61,104.59,104.59,500
47,104.49,104.5,104.49,104.5,700
50,104.55,104.55,104.55,104.55,100
51,104.77,104.77,104.77,104.77,100
52,104.77,104.78,104.74,104.74,11965
53,104.75,104.75,104.75,104.75,900
54,104.73,104.75,104.73,104.75,200
55,104.74,104.74,104.74,104.74,400
56,104.78,104.78,104.78,104.78,100
59,104.86,104.86,104.86,104.86,100
62,104.78,104.78,104.78,104.78,100
64,104.93,104.96,104.93,104.96,200
65,104.91,104.91,104.91,104.91,306
66,104.97,104.97,104.97,104.97,100
68,105.07,105.07,105.07,105.07,100
69,105.14,105.14,105.14,105.14,200
78,105.13,105.13,105.13,105.13,100
81,105.24,105.24,105.24,105.24,200
84,105.24,105.24,105.23,105.23,780
88,105.33,105.33,105.33,105.33,100
90,105.44,105.44,105.44,105.44,100
94,105.35,105.35,105.35,105.35,150
95,105.28,105.28,105.28,105.28,100
96,105.4,105.4,105.4,105.4,100
98,105.48,105.48,105.47,105.47,200
106,105.29,105.29,105.29,105.29,100
109,105.38,105.38,105.38,105.38,100
110,105.22,105.22,105.22,105.22,100
117,105.3,105.3,105.3,105.3,100
123,105.54,105.54,105.52,105.52,555
126,105.53,105.6,105.53,105.6,200
127,105.54,105.54,105.54,105.54,100
131,105.65,105.65,105.65,105.65,268
138,105.65,105.65,105.65,105.65,100
141,105.68,105.68,105.68,105.68,200
149,105.89,105.89,105.89,105.89,125
155,105.82,105.82,105.82,105.82,100
158,105.75,105.75,105.75,105.75,100
167,105.77,105.8,105.77,105.8,300
168,105.75,105.75,105.75,105.75,100
176,105.56,105.56,105.56,105.56,200
178,105.62,105.62,105.58,105.58,800
179,105.57,105.57,105.57,105.57,454
182,105.57,105.57,105.57,105.57,200
187,105.5,105.5,105.5,105.5,220
192,105.5,105.5,105.5,105.5,412
197,105.49,105.49,105.49,105.49,100
201,105.6,105.6,105.6,105.6,100
202,105.66,105.66,105.66,105.66,100
203,105.7,105.7,105.7,105.7,200
205,105.73,105.73,105.73,105.73,100
206,105.75,105.75,105.75,105.75,500
207,105.73,105.73,105.73,105.73,100
208,105.67,105.67,105.67,105.67,100
214,105.67,105.67,105.67,105.67,100
216,105.66,105.66,105.66,105.66,358
218,105.64,105.64,105.64,105.64,100
221,105.68,105.68,105.68,105.68,100
224,105.58,105.63,105.58,105.63,200
227,105.42,105.43,105.42,105.42,800
245,105.66,105.66,105.66,105.66,400
248,105.65,105.65,105.65,105.65,100
249,105.69,105.69,105.68,105.68,200
252,105.86,105.89,105.79,105.79,600
255,105.9,105.9,105.9,105.9,100
264,106,106,105.98,105.98,200
265,105.95,105.95,105.95,105.95,100
266,106,106,106,106,100
267,106,106,106,106,100
270,105.9,105.9,105.9,105.9,100
271,105.92,105.92,105.92,105.92,100
276,105.87,105.89,105.87,105.89,400
285,105.67,105.7,105.67,105.7,500
286,105.72,105.72,105.72,105.72,400
294,105.79,105.79,105.79,105.79,200
300,105.69,105.69,105.69,105.69,200
306,105.79,105.79,105.79,105.79,100
323,105.7,105.7,105.69,105.69,200
328,105.77,105.77,105.77,105.77,100
330,105.64,105.68,105.64,105.68,600
331,105.64,105.64,105.64,105.64,100
335,105.63,105.64,105.63,105.63,2800
344,105.56,105.56,105.56,105.56,340
352,105.6,105.6,105.6,105.6,100
353,105.53,105.53,105.53,105.53,100
360,105.56,105.56,105.56,105.56,200
370,105.72,105.72,105.72,105.72,100
371,105.6,105.6,105.6,105.6,100
372,105.59,105.59,105.59,105.59,100
374,105.58,105.58,105.58,105.58,388
376,105.65,105.65,105.6,105.6,400
377,105.66,105.66,105.66,105.66,100
380,105.65,105.66,105.65,105.66,400
381,105.71,105.71,105.68,105.68,390
383,105.66,105.66,105.66,105.66,100
384,105.64,105.64,105.63,105.63,344
385,105.62,105.62,105.62,105.62,100
386,105.62,105.62,105.62,105.62,400
387,105.58,105.62,105.58,105.62,1750
388,105.59,105.59,105.58,105.58,635
389,105.61,105.61,105.58,105.58,700
390,105.59,105.61,105.55,105.61,8982
