EXCHANGE%3DNASDAQ
MARKET_OPEN_MINUTE=570
MARKET_CLOSE_MINUTE=960
INTERVAL=60
COLUMNS=DATE,CLOSE,HIGH,LOW,OPEN,VOLUME
DATA=
TIMEZONE_OFFSET=-240
a1426792200,196.7899,196.7899,196.6044,196.6044,254
49,196.62,196.62,196.62,196.62,200
50,196.55,196.55,196.55,196.55,100
a1426858200,197.49,197.49,197.49,197.49,611
8,197.6,197.6,197.6,197.6,150
12,197.11,197.11,197.11,197.11,100
20,197.2,197.2,197.2,197.2,264
37,197.49,197.49,197.49,197.49,300
41,197.4272,197.4272,197.4272,197.4272,300
52,197.44,197.44,197.44,197.44,100
57,197.2,197.2,197.2,197.2,400
58,196.9138,197.26,196.9138,197.26,582
60,196.9304,196.9304,196.9304,196.9304,516
63,197.0093,197.0093,197.0093,197.0093,515
64,197.42,197.42,197.42,197.42,130
125,197.31,197.31,197.2201,197.2201,500
145,197.3101,197.3101,197.3101,197.3101,100
149,197.3101,197.3101,197.3101,197.3101,323
151,197.3805,197.78,197.3805,197.78,230
163,197.3805,197.3805,197.3805,197.3805,150
198,197.497,197.497,197.497,197.497,260
202,197.44,197.44,197.44,197.44,200
217,197.584,197.584,197.584,197.584,255
227,197.5386,197.5386,197.5386,197.5386,150
238,197.4749,197.4749,197.4749,197.4749,154
249,197.864,197.864,197.864,197.864,100
276,197.864,197.864,197.864,197.864,100
301,197.732,197.732,197.732,197.732,214
302,197.4601,197.4601,197.4601,197.4601,130
351,197.47,197.47,197.47,197.47,100
352,197.46,197.46,197.46,197.46,103
360,197.375,197.375,197.375,197.375,100
390,197.59,197.59,197.59,197.59,100
a1427117400,197.5,197.5,197.5,197.5,4345
6,197,197,197,197,100
17,196.85,196.85,196.85,196.85,435
21,197.04,197.04,197.04,197.04,204
26,197.0899,197.0899,197.0899,197.0899,100
40,197.175,197.19,197.175,197.18,900
52,197.468,197.468,197.468,197.468,100
80,197.4,197.4,197.4,197.4,135
81,197.4499,197.4499,197.4499,197.4499,110
86,197.37,197.37,197.37,197.37,153
96,197.25,197.25,197.25,197.25,115
104,197.33,197.33,197.318,197.318,200
107,197.36,197.36,197.36,197.36,115
112,196.86,197.402,196.86,197.402,299
120,196.3866,196.3866,196.3866,196.3866,100
125,197.38,197.38,197.38,197.38,148
133,197.2792,197.2792,197.2792,197.2792,121
204,197.4,197.4,197.4,197.4,530
217,197.27,197.27,197.27,197.27,246
221,196.8401,196.8401,196.8401,196.8401,288
246,197.32,197.32,197.32,197.32,112
303,197.45,197.45,197.092,197.092,1785
316,197.5,197.5,197.5,197.5,162
318,197.5,197.5,197.5,197.5,120
320,197.4999,197.4999,197.4999,197.4999,100
355,197.28,197.28,197.28,197.28,531
364,197.17,197.17,197.17,197.17,500
365,197.17,197.17,197.17,197.17,177
374,197.198,197.198,197.198,197.198,100
390,196.86,196.86,196.86,196.86,100
a1427203800,196.7,196.7,196.7,196.7,331
11,196.5,196.5,196.5,196.5,100
42,197.1548,197.1548,197.1548,197.1548,236
45,197.1956,197.1956,197.1956,197.1956,270
48,197.25,197.25,197.25,197.25,116
62,196.81,196.81,196.81,196.81,100
63,197.22,197.22,197.22,197.22,100
83,196.83,196.84,196.83,196.84,400
107,197.4599,197.4599,197.4599,197.4599,100
118,197.45,197.45,197.45,197.45,101
126,197.0801,197.0801,197.0801,197.0801,100
171,197.2025,197.2025,197.2025,197.2025,300
178,197.44,197.44,197.44,197.44,150
183,197.1,197.1,197.1,197.1,100
186,197,197,197,197,100
216,197,197,197,197,125
289,196.08,196.08,196.08,196.08,100
291,196.26,196.26,196.26,196.26,150
294,196.0101,196.0101,196.0101,196.0101,258
308,196.096,196.096,196.096,196.096,100
345,196.66,196.66,196.66,196.66,100
351,196.5,196.5,196.5,196.5,100
369,196.398,196.398,196.398,196.398,207
389,196.33,196.33,196.33,196.33,208
390,196.22,196.22,196.22,196.22,100
a1427290200,196.66,196.66,196.66,196.66,1551
6,196.25,196.25,196.25,196.25,933
13,195.664,195.664,195.664,195.664,310
14,195.37,195.37,195.37,195.37,200
16,195.57,195.57,195.57,195.57,100
19,195.2905,195.2905,195.2905,195.2905,200
26,195.2805,195.2805,195.2805,195.2805,100
27,195,195,195,195,100
52,195.43,195.43,195.43,195.43,100
54,195.348,195.348,195.348,195.348,100
57,195.414,195.414,195.414,195.414,200
72,195.01,195.01,195.01,195.01,100
98,195.06,195.06,195.06,195.06,100
109,194.55,194.55,194.55,194.55,250
122,194.2,194.2,194,194.2,300
124,194,194,194,194,100
125,193.97,193.97,193.97,193.97,124
130,193.66,193.66,193.66,193.66,150
131,193.49,193.49,193.49,193.49,100
132,193.34,193.34,193.09,193.34,600
144,193.45,193.45,193.45,193.45,100
148,193.25,193.25,193.25,193.25,100
171,193.08,193.08,193.08,193.08,100
172,193,193.095,193,193.095,240
176,192.48,192.89,192.48,192.89,5651
178,192.556,192.556,192.556,192.556,133
182,192.61,192.61,192.61,192.61,100
193,192.41,192.41,192.41,192.41,100
194,192.61,192.61,192.61,192.61,156
197,192.59,192.59,192.59,192.59,100
210,192.84,192.84,192.84,192.84,150
214,192.6365,192.6365,192.6365,192.6365,135
222,192.68,192.68,192.68,192.68,100
236,192.48,192.48,192.48,192.48,100
240,192.6948,192.6948,192.48,192.48,241
244,192.34,192.34,192.21,192.2625,588
251,192.39,192.39,192.39,192.39,200
253,192.6,192.6,192.6,192.6,520
255,192.77,192.77,192.77,192.77,200
265,192.6837,192.6837,192.6837,192.6837,122
286,192.66,192.66,192.66,192.66,100
324,192.728,192.728,192.728,192.728,200
340,192.2,192.2,192.2,192.2,100
346,192.37,192.37,192.37,192.37,520
357,192.1399,192.1399,192,192,410
358,192.08,192.08,191.96,191.96,1100
359,191.83,191.83,191.83,191.83,100
363,191.83,191.83,191.481,191.481,524
370,191.9175,191.9175,191.9175,191.9175,500
376,191.903,191.903,191.903,191.903,100
377,191.77,191.77,191.77,191.77,100
382,191.59,191.59,191.59,191.59,152
383,191.59,191.59,191.59,191.59,300
387,191.4681,191.4681,191.4681,191.4681,100
389,191.56,191.61,191.56,191.61,500
390,191.61,191.61,191.61,191.61,120
a1427376600,190.08,190.08,190.08,190.08,1755
1,188.05,190.0801,188.05,190.08,5913
5,189.745,189.745,189.745,189.745,100
19,190.7699,190.7699,190.7699,190.7699,120
22,190.63,190.63,190.63,190.63,100
29,190.05,190.05,190.05,190.05,125
32,190.192,190.199,190.192,190.199,928
44,189.77,189.77,189.77,189.77,200
46,189.5,189.5,189.5,189.5,315
63,189.77,189.77,189.77,189.77,100
75,190.633,190.633,190.633,190.633,131
78,190.5,190.5,190.5,190.5,130
96,190.64,190.64,190.64,190.64,100
116,190,190.01,190,190.01,200
139,190.902,190.902,190.902,190.902,294
144,190.9799,190.9799,190.9799,190.9799,104
145,190.9799,190.9799,190.9799,190.9799,524
159,191.19,191.19,191.19,191.19,1481
188,190.804,190.804,190.804,190.804,135
191,190.91,190.91,190.91,190.91,265
193,190.77,190.77,190.77,190.77,400
216,190.8826,190.8826,190.8826,190.8826,100
242,190.62,190.62,190.62,190.62,150
247,190.84,190.84,190.84,190.84,316
253,191.46,191.46,191.19,191.19,200
257,191.622,191.622,191.622,191.622,140
262,191.724,191.724,191.724,191.724,100
276,191.6,191.6,191.6,191.6,100
277,191.5,191.5,191.5,191.5,200
285,191.3999,191.4,191.3999,191.4,5000
296,191.5299,191.53,191.5299,191.53,5000
317,191.218,191.218,191.218,191.218,400
320,191.4899,191.4899,191.4899,191.4899,500
350,191.08,191.08,191.08,191.08,100
358,191.0525,191.12,191.0525,191.12,1490
364,191.11,191.11,191.11,191.11,100
370,190.85,190.85,190.85,190.85,236
383,191.2399,191.2399,191.2399,191.2399,300
387,191.1639,191.1639,191.1639,191.1639,200
390,191.09,191.09,191.09,191.09,100
a1427463000,191.23,191.23,191.23,191.23,1341
1,190.5115,190.5115,190.5115,190.5115,100
2,190.7649,190.7649,190.7649,190.7649,646
20,191.16,191.16,191.16,191.16,101
22,191.7899,191.7899,191.7899,191.7899,100
26,191.74,191.8199,191.74,191.8199,8775
31,191.588,191.588,191.588,191.588,201
41,191.71,191.71,191.71,191.71,299
42,191.5,191.5,191.5,191.5,470
48,190.56,190.56,190.56,190.56,100
57,191.175,191.175,191.175,191.175,700
118,191.74,191.74,191.74,191.74,260
233,191.6699,191.6699,191.6699,191.6699,131
235,191.243,191.243,191.243,191.243,250
239,191.642,191.642,191.642,191.642,100
273,191.69,191.69,191.69,191.69,300
296,191.39,191.39,191.39,191.39,200
300,191.63,191.63,191.63,191.63,150
317,191.32,191.32,191.32,191.32,10000
332,191.33,191.53,191.33,191.53,10200
335,191.53,191.53,191.53,191.53,100
339,191.4758,191.4758,191.4758,191.4758,201
350,191.4,191.4,191.4,191.4,125
357,191.36,191.36,191.36,191.36,10000
361,191.49,191.49,191.49,191.49,100
362,191.49,191.49,191.49,191.49,182
363,191.49,191.49,191.49,191.49,100
364,191.51,191.51,191.49,191.49,1500
369,191.85,191.85,191.84,191.84,1000
370,191.89,191.89,191.89,191.89,100
375,192,192,192,192,300
378,192.0001,192.0001,192.0001,192.0001,900
379,192,192.1499,192,192.1499,520
380,192,192,192,192,100
382,191.86,191.86,191.86,191.86,10000
386,191.9,191.9,191.9,191.9,800
387,191.91,191.91,191.9,191.9,1100
388,191.89,191.94,191.89,191.91,1100
389,191.84,191.93,191.84,191.93,2200
390,192.14,192.14,191.65,191.84,1100
a1427722200,193.19,193.19,193.19,193.19,1166
4,193.8799,193.8799,193.8799,193.8799,1314
5,193.7199,193.7199,193.7199,193.7199,150
6,193.67,193.67,193.67,193.67,1000
7,193.6,193.69,193.6,193.69,1200
11,193.78,193.82,193.68,193.68,1000
12,193.89,193.9,193.89,193.896,500
20,193.97,193.97,193.91,193.91,1372
39,193.44,193.69,193.44,193.69,229
40,193.31,193.31,193.31,193.31,150
50,193.27,193.27,193.27,193.27,100
53,193.22,193.27,193.22,193.27,1500
66,193.04,193.04,193.03,193.03,310
70,193.55,193.55,193.55,193.55,130
86,193.1701,193.1701,193.1701,193.1701,924
90,193.5499,193.5499,193.5499,193.5499,1040
107,193.55,193.55,193.55,193.55,1005
128,193.4001,193.4001,193.4001,193.4001,457
141,193.25,193.25,193.25,193.25,110
211,193.5601,193.5601,193.5601,193.5601,255
237,193.72,193.72,193.72,193.72,200
256,193.7401,193.7401,193.7401,193.7401,125
270,193.8035,193.8035,193.8035,193.8035,100
278,193.791,193.791,193.791,193.791,124
286,194.2117,194.2117,194.2117,194.2117,222
330,194.1936,194.1936,194.1936,194.1936,154
340,193.946,193.946,193.946,193.946,594
345,193.8801,193.8801,193.8801,193.8801,649
356,194.29,194.29,194.29,194.29,100
357,193.93,193.93,193.93,193.93,115
358,193.8801,193.8801,193.8801,193.8801,270
377,193.9635,193.9635,193.9635,193.9635,236
384,194.1301,194.1301,194.1301,194.1301,270
390,194.15,194.15,194.15,194.15,100
a1427808600,193.28,193.28,193.28,193.28,286
4,193.2,193.2,193.2,193.2,290
7,193.22,193.22,193.22,193.22,100
16,193.031,193.47,193.031,193.47,400
18,193.46,193.46,193.46,193.46,130
24,192.841,192.841,192.841,192.841,100
26,193.33,193.33,193.33,193.33,100
30,193.71,193.71,193.71,193.71,550
49,193.09,193.09,193.09,193.09,260
76,193.7899,193.7899,193.7899,193.7899,100
98,193.7762,193.7762,193.7762,193.7762,100
126,193.753,193.753,193.753,193.753,1000
129,193.431,193.431,193.431,193.431,100
135,193.43,193.43,193.43,193.43,100
155,193.15,193.15,193.15,193.15,200
158,193.2999,193.3,193.2999,193.3,5170
166,193.275,193.28,193.275,193.28,500
186,193.44,193.44,193.44,193.44,100
212,193.6199,193.6199,193.6199,193.6199,150
321,193.555,193.57,193.54,193.54,500
324,193.258,193.258,193.258,193.258,300
345,193,193,193,193,260
373,192.86,192.86,192.86,192.86,125
386,192.4996,192.4996,192.4996,192.4996,128
387,192.72,192.72,192.72,192.72,150
390,192.62,192.82,192.62,192.82,200
a1427895000,192.78,192.78,192.78,192.78,601
1,195.22,195.22,195.22,195.22,120
3,191.878,192.288,191.85,192.288,1291
9,191.8,191.98,191.8,191.98,200
10,191.27,191.27,191.27,191.27,150
18,190.9999,191,190.9999,191,300
20,190.789,190.789,190.789,190.789,100
21,190.5,190.5,190.5,190.5,100
22,190.55,190.55,190.55,190.55,100
38,190.4,190.4,190.4,190.4,700
41,190.23,190.23,190.23,190.23,200
43,190.3,190.3,190.3,190.3,603
47,190.5,190.5,190.5,190.5,200
49,190.5,190.5,190.5,190.5,1153
108,191.25,191.25,191.25,191.25,300
125,190.84,190.84,190.84,190.84,100
155,191.12,191.44,191.0718,191.44,2303
162,191.12,191.12,191.12,191.12,100
183,190.9,191.12,190.68,190.68,2450
198,191.0599,191.0599,191.0599,191.0599,130
238,190.8,190.8,190.8,190.8,500
271,191.4937,191.4937,191.4937,191.4937,100
273,191.52,191.52,191.52,191.52,157
319,190.71,191.08,190.66,190.71,1243
322,190.8,190.8,190.78,190.78,964
331,190.74,190.82,190.74,190.82,334
339,190.57,190.79,190.526,190.79,1574
340,190.5101,190.5101,190.5101,190.5101,142
343,190.557,190.557,190.557,190.557,100
351,190.52,190.52,190.52,190.52,117
385,191.23,191.23,191.23,191.23,127
387,191.08,191.08,191.08,191.08,100
388,191.1,191.1,191.1,191.1,100
389,191.1,191.1,191.1,191.1,100
390,191.3,191.3,191.09,191.09,800
a1427981400,191.21,191.21,191.21,191.21,177
6,191.64,191.64,191.64,191.64,100
10,191.7799,191.7799,191.7799,191.7799,195
21,191.9,191.9,191.9,191.9,100
27,191.82,191.83,191.82,191.83,200
29,192.3555,192.3555,192.3555,192.3555,577
49,191.78,191.78,191.78,191.78,100
66,191.63,191.63,191.63,191.63,100
83,191.59,191.59,191.59,191.59,100
104,191.7,191.7,191.7,191.7,100
125,191.72,191.72,191.72,191.72,100
130,191.81,191.81,191.81,191.81,113
148,191.47,191.47,191.47,191.47,100
173,191.21,191.21,191.21,191.21,100
195,191.63,191.63,191.63,191.63,200
196,191.64,191.64,191.64,191.64,100
205,191.945,191.945,191.945,191.945,200
242,191.681,191.681,191.681,191.681,104
249,191.56,191.56,191.56,191.56,100
256,191.702,191.702,191.702,191.702,100
258,191.96,191.96,191.96,191.96,100
268,191.6202,191.6202,191.6202,191.6202,814
273,191.55,191.55,191.55,191.55,100
276,191.9599,191.9599,191.8985,191.8985,500
295,191.65,191.65,191.65,191.65,100
316,191.42,191.42,191.42,191.42,100
333,191.44,191.44,191.44,191.44,100
341,191.515,191.515,191.515,191.515,225
351,191.45,191.45,191.45,191.45,100
370,191.6765,191.6765,191.6765,191.6765,641
380,191.94,191.94,191.94,191.94,100
384,192.2505,192.2505,192.2505,192.2505,200
390,191.92,191.92,191.53,191.53,200
a1428327000,191.23,191.23,191.23,191.23,2669
3,190.85,190.85,190.85,190.85,100
48,192.4399,192.4399,192.4399,192.4399,195
50,192.39,192.39,192.39,192.39,147
52,191.99,191.99,191.99,191.99,200
53,192.5,192.5,192.5,192.5,100
67,192.9999,192.9999,192.9295,192.9295,260
76,192.58,192.58,192.58,192.58,265
81,192.4,192.4,192.4,192.4,100
84,192.5151,192.5151,192.5151,192.5151,100
113,192.808,192.808,192.808,192.808,108
121,192.93,192.93,192.93,192.93,100
123,192.9085,192.9085,192.9085,192.9085,100
124,192.6215,192.6215,192.61,192.61,1055
156,192.621,192.621,192.621,192.621,312
165,192.96,192.96,192.96,192.96,338
172,192.97,192.97,192.96,192.96,278
178,192.92,192.92,192.92,192.92,220
192,192.871,192.871,192.871,192.871,300
193,192.8701,192.8701,192.8701,192.8701,100
243,193.19,193.19,193.19,193.19,120
256,193.497,193.497,193.497,193.497,100
278,193.092,193.14,193.041,193.14,1385
311,193.51,193.51,193.51,193.51,106
337,193.13,193.13,193.13,193.13,179
379,193.2385,193.2385,193.2385,193.2385,356
a1428413400,193.22,193.22,193.22,193.22,765
37,193.42,193.42,193.42,193.42,100
38,193.153,193.153,193.153,193.153,225
46,193.331,193.331,193.331,193.331,100
56,193.9999,193.9999,193.9999,193.9999,155
61,194,194,194,194,100
64,194.03,194.03,194,194,250
68,194.38,194.38,194.38,194.38,120
86,194.3,194.3,194.3,194.3,515
92,194,194,194,194,100
108,194,194,194,194,100
179,194.25,194.25,194.25,194.25,250
230,194.2149,194.2149,194.2149,194.2149,100
246,193.81,193.81,193.81,193.81,100
261,193.712,193.712,193.712,193.712,100
285,193.5201,193.5201,193.5201,193.5201,289
288,193.7552,193.7552,193.7552,193.7552,118
302,193.5201,193.5201,193.5201,193.5201,155
304,193.928,193.928,193.928,193.928,106
337,193.85,193.85,193.85,193.85,325
340,193.407,193.407,193.407,193.407,100
350,193.8349,193.8349,193.762,193.762,369
390,192.92,192.92,192.92,192.92,100
a1428499800,193,193,193,193,300
7,193,193,193,193,100
22,194.2999,194.2999,194.2999,194.2999,100
25,194.2199,194.2199,194.2199,194.2199,100
30,194.17,194.17,194.17,194.17,103
57,193.9835,193.9835,193.9835,193.9835,150
66,193.5915,193.5915,193.5915,193.5915,100
108,193.59,193.59,193.59,193.59,100
129,193.8665,193.8665,193.8665,193.8665,388
158,194.3,194.3,193.96,193.96,685
181,193.9863,193.9863,193.9863,193.9863,100
186,194.1525,194.1525,194.1525,194.1525,250
288,194.3,194.3,194.3,194.3,114
310,194.321,194.321,194.321,194.321,100
330,193.862,193.862,193.862,193.862,100
370,193.85,193.85,193.85,193.85,100
380,194.25,194.25,194.25,194.25,300
a1428586200,194.49,194.49,194.49,194.49,108
45,194.4,194.4,194.4,194.4,125
52,194.28,194.29,194.28,194.29,600
67,194.5265,194.5265,194.5265,194.5265,172
78,193.8295,193.8295,193.8295,193.8295,100
80,194.15,194.15,194.15,194.15,230
