EXCHANGE%3DNYSEARCA
MARKET_OPEN_MINUTE=570
MARKET_CLOSE_MINUTE=960
INTERVAL=60
COLUMNS=DATE,CLOSE,HIGH,LOW,OPEN,VOLUME
DATA=
TIMEZONE_OFFSET=-240
a1427203800,49.96,49.96,49.95,49.95,21267
1,49.98,49.98,49.97,49.97,3100
2,49.98,49.98,49.97,49.97,2500
3,49.97,49.97,49.97,49.97,476
5,49.98,49.98,49.96,49.96,1500
7,49.95,49.95,49.95,49.95,924
8,49.95,49.95,49.94,49.94,2420
9,49.94,49.95,49.94,49.95,1792
10,49.9,49.91,49.9,49.91,400
11,49.89,49.89,49.89,49.89,1250
12,49.89,49.89,49.88,49.88,350
13,49.89,49.89,49.88,49.88,1250
16,49.9,49.9,49.9,49.9,400
17,49.9,49.9,49.89,49.89,250
18,49.87,49.87,49.87,49.87,400
19,49.88,49.88,49.88,49.88,100
20,49.91,49.91,49.89,49.89,1000
22,49.93,49.93,49.93,49.93,390
26,49.98,49.98,49.98,49.98,400
27,49.96,49.96,49.96,49.96,121
30,49.97,49.97,49.97,49.97,150
31,49.95,49.97,49.95,49.97,4850
32,49.96,49.96,49.95,49.96,2000
35,49.99,49.99,49.99,49.99,1106
36,50,50,50,50,6888
37,50,50,50,50,4099
38,50.02,50.03,50.02,50.03,1000
41,49.979,50.015,49.979,50.015,3022
42,49.965,49.97,49.965,49.97,500
43,49.95,49.95,49.95,49.95,126
44,49.96,49.96,49.96,49.96,650
45,49.99,50.01,49.99,49.99,2300
46,50,50,50,50,400
47,49.989,49.989,49.98,49.98,694
48,49.97,49.97,49.97,49.97,200
50,50,50,50,50,500
52,49.98,49.98,49.98,49.98,500
53,49.99,49.99,49.99,49.99,600
54,49.96,49.96,49.96,49.96,805
55,49.95,49.95,49.95,49.95,126
56,49.94,49.94,49.93,49.93,600
57,49.92,49.94,49.92,49.94,1000
58,49.92,49.92,49.92,49.92,400
61,49.98,49.98,49.98,49.98,100
63,49.95,49.95,49.95,49.95,126
65,49.97,49.97,49.97,49.97,500
67,49.97,49.97,49.97,49.97,100
68,49.979,49.979,49.979,49.979,178
69,49.975,49.975,49.97,49.97,2076
70,49.97,49.97,49.97,49.97,400
72,50,50,50,50,110
73,50,50,50,50,800
74,49.99,49.99,49.99,49.99,400
75,50,50,50,50,600
79,50.005,50.005,50.005,50.005,100
82,50.025,50.025,50.025,50.025,467
84,50.03,50.03,50.03,50.03,1885
85,50.029,50.029,50.029,50.029,100
86,50.03,50.03,50.03,50.03,516
87,50.03,50.03,50.03,50.03,400
88,50.04,50.04,50.04,50.04,850
89,50.03,50.03,50.03,50.03,1197
91,50,50.01,50,50.01,2026
95,50.01,50.01,50.01,50.01,100
97,49.99,49.99,49.99,49.99,226
98,50.02,50.029,50.02,50.02,900
101,50.019,50.019,50.019,50.019,250
103,50.04,50.04,50.04,50.04,400
104,50.03,50.03,50.03,50.03,500
108,50.01,50.01,50.01,50.01,500
111,50,50,50,50,100
112,50.01,50.01,50.01,50.01,130
114,50.01,50.01,50.01,50.01,100
116,49.99,49.99,49.99,49.99,626
117,50,50,50,50,4529
122,50.01,50.01,50.01,50.01,1571
124,50.002,50.002,50.002,50.002,200
126,50.01,50.01,50.01,50.01,971
127,50.005,50.005,50.005,50.005,200
128,50,50,50,50,200
129,49.995,49.995,49.995,49.995,1000
130,49.98,49.98,49.98,49.98,871
132,49.99,49.99,49.99,49.99,1000
135,49.99,49.99,49.99,49.99,1089
137,49.97,49.97,49.97,49.97,100
138,49.969,49.969,49.969,49.969,100
139,49.97,49.97,49.97,49.97,579
148,50.01,50.01,50.01,50.01,1400
149,50.02,50.02,50.02,50.02,200
154,50.015,50.015,50.015,50.015,200
155,50.015,50.015,50.015,50.015,400
156,50.015,50.015,50.015,50.015,200
157,50.01,50.01,50.01,50.01,700
160,50.015,50.015,50.01,50.01,510
161,50.009,50.01,50.009,50.01,700
162,50.009,50.009,50.009,50.009,2400
163,50.02,50.02,50.02,50.02,600
164,50.04,50.04,50.03,50.03,300
165,50.03,50.03,50.03,50.03,1226
166,50.015,50.015,50.015,50.015,492
168,50.01,50.02,50.01,50.01,1273
169,50.01,50.01,50.01,50.01,200
170,50.01,50.01,50.01,50.01,1420
172,50.01,50.01,50.01,50.01,200
180,50.01,50.01,50.01,50.01,200
181,50,50,49.99,49.99,500
182,49.97,49.979,49.97,49.979,1700
183,49.96,49.96,49.96,49.96,400
184,49.96,49.96,49.96,49.96,500
185,49.95,49.95,49.95,49.95,129
186,49.93,49.94,49.93,49.94,5200
187,49.93,49.93,49.93,49.93,100
188,49.92,49.92,49.92,49.92,400
189,49.94,49.94,49.94,49.94,450
194,49.95,49.95,49.95,49.95,200
196,49.945,49.945,49.945,49.945,100
197,49.96,49.96,49.96,49.96,500
198,49.96,49.96,49.96,49.96,200
200,49.93,49.94,49.93,49.94,300
201,49.92,49.92,49.92,49.92,500
203,49.93,49.93,49.925,49.925,1500
208,49.94,49.94,49.94,49.94,200
210,49.94,49.94,49.94,49.94,100
212,49.925,49.925,49.925,49.925,357
215,49.94,49.94,49.94,49.94,335
217,49.955,49.955,49.955,49.955,228
218,49.96,49.96,49.96,49.96,200
219,49.97,49.97,49.97,49.97,600
220,49.98,49.98,49.98,49.98,500
221,49.96,49.97,49.96,49.97,732
224,49.955,49.955,49.955,49.955,300
225,49.97,49.97,49.97,49.97,208
228,49.97,49.97,49.97,49.97,200
237,49.95,49.95,49.95,49.95,700
239,49.92,49.93,49.92,49.93,748
242,49.925,49.925,49.925,49.925,200
243,49.92,49.92,49.92,49.92,200
244,49.9,49.9,49.9,49.9,400
253,49.95,49.95,49.945,49.945,612
256,49.95,49.95,49.95,49.95,722
258,49.94,49.94,49.94,49.94,400
260,49.93,49.93,49.93,49.93,200
264,49.948,49.948,49.948,49.948,450
266,49.95,49.95,49.95,49.95,126
270,49.97,49.97,49.96,49.96,852
271,49.95,49.96,49.95,49.96,853
273,49.955,49.955,49.955,49.955,200
276,49.93,49.93,49.93,49.93,500
277,49.935,49.935,49.935,49.935,100
282,49.93,49.93,49.93,49.93,600
283,49.935,49.935,49.935,49.935,1000
284,49.93,49.93,49.93,49.93,800
285,49.91,49.91,49.91,49.91,550
288,49.91,49.91,49.91,49.91,400
289,49.89,49.89,49.89,49.89,400
291,49.87,49.88,49.87,49.88,800
297,49.88,49.88,49.88,49.88,115
298,49.88,49.88,49.88,49.88,500
300,49.9,49.9,49.9,49.9,736
302,49.88,49.88,49.88,49.88,100
304,49.885,49.885,49.885,49.885,1825
305,49.88,49.88,49.88,49.88,426
309,49.88,49.88,49.88,49.88,200
310,49.875,49.875,49.87,49.87,2169
311,49.88,49.88,49.88,49.88,336
317,49.905,49.905,49.905,49.905,675
320,49.89,49.9,49.89,49.9,300
322,49.88,49.88,49.88,49.88,500
324,49.885,49.885,49.885,49.885,100
325,49.88,49.88,49.88,49.88,556
326,49.88,49.88,49.86,49.88,22156
328,49.88,49.88,49.88,49.88,1000
331,49.88,49.88,49.88,49.88,450
332,49.89,49.89,49.89,49.89,1200
333,49.9,49.9,49.9,49.9,900
340,49.93,49.93,49.93,49.93,1000
345,49.92,49.92,49.92,49.92,1200
350,49.93,49.93,49.93,49.93,830
351,49.91,49.93,49.91,49.93,1760
353,49.87,49.87,49.87,49.87,662
356,49.88,49.88,49.88,49.88,961
361,49.88,49.88,49.87,49.87,200
365,49.89,49.89,49.89,49.89,100
366,49.9,49.9,49.9,49.9,500
367,49.89,49.89,49.89,49.89,700
376,49.89,49.89,49.88,49.88,283
379,49.88,49.88,49.88,49.88,540
380,49.88,49.88,49.88,49.88,539
381,49.87,49.87,49.87,49.87,100
383,49.87,49.87,49.87,49.87,728
385,49.87,49.87,49.87,49.87,900
388,49.86,49.86,49.86,49.86,2900
389,49.86,49.86,49.86,49.86,405
390,49.85,49.86,49.85,49.86,4079
a1427290200,49.91,49.91,49.91,49.91,30047
1,49.91,49.91,49.91,49.91,300
5,49.86,49.865,49.86,49.865,1500
6,49.85,49.85,49.85,49.85,220
7,49.805,49.83,49.805,49.83,2222
9,49.805,49.805,49.805,49.805,195
10,49.8,49.815,49.79,49.81,5515
15,49.77,49.77,49.77,49.77,900
16,49.76,49.76,49.76,49.76,450
17,49.73,49.73,49.73,49.73,500
18,49.74,49.74,49.74,49.74,600
19,49.73,49.73,49.73,49.73,200
20,49.71,49.72,49.71,49.72,2041
21,49.73,49.73,49.73,49.73,500
22,49.75,49.75,49.74,49.74,600
23,49.77,49.77,49.77,49.77,222
24,49.78,49.78,49.78,49.78,700
25,49.77,49.77,49.77,49.77,800
26,49.76,49.76,49.76,49.76,500
29,49.75,49.75,49.75,49.75,332
30,49.76,49.76,49.76,49.76,1100
32,49.78,49.78,49.78,49.78,200
37,49.795,49.795,49.795,49.795,146
41,49.8,49.8,49.8,49.8,600
43,49.8,49.8,49.8,49.8,100
44,49.79,49.79,49.79,49.79,599
45,49.79,49.79,49.79,49.79,100
58,49.79,49.79,49.79,49.79,2200
60,49.77,49.77,49.77,49.77,1000
61,49.74,49.74,49.74,49.74,900
62,49.75,49.75,49.75,49.75,500
63,49.74,49.74,49.74,49.74,500
64,49.73,49.73,49.73,49.73,474
66,49.73,49.73,49.73,49.73,200
67,49.72,49.73,49.72,49.73,1200
71,49.66,49.67,49.66,49.67,800
74,49.67,49.67,49.66,49.66,1400
75,49.68,49.68,49.68,49.68,700
76,49.64,49.67,49.64,49.67,1400
78,49.64,49.64,49.64,49.64,500
79,49.65,49.65,49.65,49.65,500
81,49.67,49.67,49.67,49.67,500
82,49.68,49.68,49.675,49.675,2800
84,49.69,49.7,49.69,49.7,1828
85,49.68,49.68,49.68,49.68,600
86,49.67,49.67,49.67,49.67,1000
87,49.7,49.7,49.7,49.7,500
88,49.7,49.7,49.69,49.69,1200
89,49.7,49.7,49.69,49.69,1000
90,49.7,49.7,49.7,49.7,116
94,49.7,49.7,49.7,49.7,486
96,49.69,49.71,49.69,49.71,950
99,49.68,49.68,49.68,49.68,500
101,49.64,49.64,49.64,49.64,500
103,49.65,49.65,49.65,49.65,500
104,49.66,49.66,49.65,49.65,1500
106,49.65,49.65,49.645,49.645,1100
107,49.655,49.655,49.655,49.655,800
108,49.62,49.63,49.62,49.63,2500
109,49.63,49.63,49.63,49.63,500
110,49.63,49.63,49.63,49.63,500
115,49.625,49.625,49.625,49.625,1258
121,49.64,49.64,49.64,49.64,700
122,49.61,49.63,49.61,49.63,700
124,49.62,49.62,49.62,49.62,450
125,49.58,49.61,49.58,49.61,1100
128,49.6,49.6,49.6,49.6,123
130,49.55,49.57,49.55,49.57,700
131,49.55,49.55,49.55,49.55,500
132,49.54,49.54,49.54,49.54,500
133,49.53,49.53,49.53,49.53,500
135,49.54,49.54,49.54,49.54,408
136,49.53,49.54,49.53,49.54,2300
137,49.54,49.54,49.54,49.54,130
139,49.55,49.55,49.55,49.55,741
140,49.55,49.55,49.55,49.55,500
141,49.55,49.55,49.55,49.55,200
142,49.56,49.56,49.55,49.55,1500
143,49.56,49.56,49.56,49.56,500
144,49.56,49.56,49.56,49.56,600
146,49.54,49.54,49.54,49.54,500
147,49.51,49.51,49.51,49.51,550
148,49.5,49.5,49.5,49.5,327
149,49.53,49.53,49.52,49.52,1000
150,49.54,49.54,49.54,49.54,500
154,49.54,49.54,49.54,49.54,128
155,49.525,49.525,49.525,49.525,400
156,49.522,49.522,49.522,49.522,100
159,49.53,49.54,49.53,49.54,300
160,49.51,49.51,49.51,49.51,400
163,49.51,49.51,49.51,49.51,749
165,49.52,49.52,49.5,49.5,1102
166,49.52,49.52,49.52,49.52,100
169,49.52,49.52,49.52,49.52,100
170,49.51,49.51,49.51,49.51,600
171,49.49,49.51,49.49,49.51,3002
172,49.51,49.51,49.51,49.51,500
173,49.49,49.49,49.49,49.49,200
175,49.5,49.5,49.5,49.5,1000
176,49.49,49.49,49.49,49.49,768
177,49.51,49.51,49.51,49.51,1100
179,49.53,49.53,49.53,49.53,600
180,49.54,49.54,49.54,49.54,644
181,49.52,49.53,49.52,49.53,3000
182,49.5,49.5,49.5,49.5,500
183,49.47,49.47,49.47,49.47,1500
184,49.48,49.48,49.48,49.48,500
186,49.46,49.46,49.46,49.46,500
187,49.45,49.45,49.45,49.45,100
189,49.46,49.46,49.46,49.46,292
190,49.48,49.48,49.48,49.48,550
191,49.45,49.46,49.45,49.46,631
192,49.43,49.43,49.43,49.43,1100
193,49.42,49.42,49.42,49.42,100
196,49.43,49.43,49.42,49.42,1000
197,49.42,49.43,49.42,49.43,1500
203,49.45,49.45,49.45,49.45,200
205,49.45,49.45,49.45,49.45,300
211,49.48,49.48,49.48,49.48,100
212,49.48,49.48,49.48,49.48,100
213,49.49,49.49,49.49,49.49,500
214,49.5,49.5,49.5,49.5,1000
216,49.45,49.47,49.45,49.47,1878
217,49.44,49.44,49.44,49.44,100
219,49.46,49.46,49.46,49.46,100
221,49.44,49.45,49.44,49.45,1278
222,49.43,49.43,49.43,49.43,100
224,49.42,49.42,49.42,49.42,100
226,49.38,49.4,49.38,49.4,500
229,49.37,49.37,49.37,49.37,700
230,49.38,49.38,49.38,49.38,100
232,49.39,49.39,49.39,49.39,500
233,49.38,49.38,49.38,49.38,500
234,49.4,49.4,49.38,49.38,1493
236,49.41,49.41,49.41,49.41,100
237,49.42,49.42,49.42,49.42,100
238,49.42,49.42,49.42,49.42,200
239,49.45,49.45,49.45,49.45,500
240,49.45,49.45,49.45,49.45,200
241,49.45,49.45,49.45,49.45,100
242,49.44,49.44,49.44,49.44,100
243,49.43,49.43,49.43,49.43,200
246,49.42,49.42,49.42,49.42,600
248,49.41,49.41,49.41,49.41,1115
253,49.46,49.46,49.46,49.46,400
254,49.46,49.46,49.46,49.46,2100
255,49.46,49.46,49.46,49.46,200
256,49.46,49.47,49.46,49.47,800
260,49.48,49.48,49.48,49.48,300
266,49.48,49.48,49.48,49.48,100
267,49.47,49.47,49.47,49.47,500
269,49.47,49.47,49.47,49.47,200
271,49.44,49.45,49.44,49.45,1000
272,49.45,49.455,49.45,49.45,3500
274,49.45,49.45,49.45,49.45,600
275,49.46,49.46,49.46,49.46,500
279,49.45,49.45,49.45,49.45,500
281,49.46,49.46,49.46,49.46,500
283,49.465,49.465,49.465,49.465,200
285,49.46,49.46,49.46,49.46,500
286,49.46,49.46,49.46,49.46,100
287,49.48,49.48,49.47,49.47,600
288,49.48,49.48,49.48,49.48,200
291,49.47,49.48,49.47,49.48,1000
293,49.47,49.48,49.47,49.48,700
298,49.47,49.47,49.47,49.47,319
304,49.47,49.47,49.47,49.47,691
306,49.48,49.48,49.48,49.48,400
308,49.47,49.47,49.47,49.47,250
316,49.45,49.45,49.45,49.45,4935
317,49.42,49.43,49.42,49.43,2925
318,49.43,49.43,49.43,49.43,706
320,49.445,49.445,49.44,49.44,1200
321,49.44,49.44,49.44,49.44,1000
322,49.45,49.45,49.45,49.45,565
326,49.47,49.47,49.47,49.47,200
328,49.47,49.47,49.47,49.47,121
329,49.46,49.47,49.46,49.47,1748
330,49.45,49.45,49.45,49.45,700
331,49.42,49.44,49.42,49.44,1299
332,49.42,49.42,49.42,49.42,1481
334,49.41,49.41,49.41,49.41,666
335,49.4,49.4,49.4,49.4,300
336,49.39,49.4,49.39,49.4,1000
337,49.41,49.41,49.41,49.41,4200
340,49.4,49.41,49.4,49.41,600
342,49.42,49.42,49.42,49.42,1498
346,49.41,49.415,49.41,49.415,300
347,49.4,49.4,49.4,49.4,440
351,49.395,49.4,49.395,49.4,1300
353,49.38,49.39,49.38,49.39,1281
357,49.37,49.37,49.37,49.37,500
360,49.36,49.36,49.36,49.36,3319
362,49.35,49.35,49.35,49.35,1087
364,49.35,49.35,49.35,49.35,1000
366,49.35,49.35,49.35,49.35,100
370,49.36,49.36,49.36,49.36,200
371,49.35,49.35,49.35,49.35,350
375,49.35,49.36,49.35,49.35,700
376,49.34,49.34,49.34,49.34,100
380,49.31,49.31,49.31,49.31,1160
381,49.31,49.31,49.31,49.31,400
387,49.33,49.33,49.33,49.33,800
388,49.34,49.34,49.34,49.34,264
390,49.34,49.34,49.32,49.325,5822
a1427376600,48.98,48.98,48.98,48.98,45241
1,49.01,49.01,49.01,49.01,200
2,49.02,49.02,49.02,49.02,118
3,49,49,49,49,200
4,48.99,49.01,48.99,49.01,800
5,49,49,49,49,172
6,49.01,49.01,49.01,49.01,406
7,49.01,49.01,49,49,843
8,49,49.01,49,49.01,11756
9,48.99,49,48.99,49,1000
10,48.98,48.98,48.98,48.98,1900
11,49,49,49,49,1300
12,48.99,49,48.99,49,6000
13,49,49.001,49,49.001,1800
14,49,49,49,49,600
15,49.01,49.01,49,49,2143
16,49,49.01,49,49.01,3850
17,49,49,48.995,48.995,600
18,49,49,49,49,700
20,48.99,49,48.98,49,867
21,48.97,48.99,48.97,48.99,5500
22,48.96,48.96,48.95,48.96,4612
23,48.96,48.96,48.96,48.96,300
25,48.96,48.96,48.96,48.96,400
26,48.94,48.96,48.94,48.96,5353
27,48.91,48.91,48.91,48.91,650
28,48.91,48.91,48.91,48.91,200
29,48.92,48.92,48.92,48.92,400
30,48.88,48.89,48.88,48.89,2700
31,48.87,48.88,48.87,48.88,1500
32,48.89,48.89,48.89,48.89,400
33,48.88,48.88,48.88,48.88,550
34,48.88,48.88,48.88,48.88,750
36,48.83,48.832,48.83,48.832,3542
37,48.8,48.8,48.8,48.8,300
39,48.77,48.77,48.77,48.77,900
40,48.75,48.77,48.75,48.77,2600
42,48.72,48.72,48.72,48.72,1728
43,48.752,48.752,48.752,48.752,100
44,48.77,48.77,48.77,48.77,800
45,48.76,48.76,48.76,48.76,300
46,48.72,48.73,48.72,48.73,600
47,48.68,48.68,48.68,48.68,100
48,48.72,48.72,48.72,48.72,200
51,48.73,48.73,48.73,48.73,179
52,48.75,48.75,48.75,48.75,3400
53,48.75,48.75,48.75,48.75,611
54,48.75,48.75,48.75,48.75,100
55,48.75,48.77,48.75,48.77,3305
56,48.77,48.77,48.75,48.75,600
57,48.76,48.76,48.76,48.76,1000
59,48.77,48.77,48.77,48.77,2260
61,48.76,48.77,48.76,48.77,2650
62,48.76,48.76,48.76,48.76,400
63,48.8,48.8,48.8,48.8,1000
64,48.8,48.81,48.8,48.81,270
65,48.801,48.801,48.79,48.79,3400
67,48.81,48.81,48.81,48.81,700
69,48.82,48.82,48.82,48.82,100
70,48.8,48.81,48.8,48.81,900
71,48.8,48.8,48.79,48.79,1000
75,48.84,48.84,48.84,48.84,100
76,48.87,48.87,48.86,48.86,600
77,48.84,48.845,48.84,48.845,309
78,48.83,48.83,48.83,48.83,350
79,48.85,48.85,48.85,48.85,400
80,48.842,48.842,48.842,48.842,296
81,48.88,48.88,48.88,48.88,500
82,48.87,48.87,48.87,48.87,200
83,48.86,48.87,48.86,48.87,1026
85,48.82,48.82,48.82,48.82,104
87,48.84,48.84,48.84,48.84,100
88,48.84,48.84,48.84,48.84,200
91,48.84,48.84,48.84,48.84,450
96,48.82,48.82,48.82,48.82,100
98,48.85,48.85,48.85,48.85,500
99,48.83,48.83,48.83,48.83,400
102,48.81,48.81,48.81,48.81,928
106,48.81,48.81,48.81,48.81,500
107,48.8,48.8,48.8,48.8,600
110,48.8,48.8,48.8,48.8,610
114,48.82,48.82,48.82,48.82,400
115,48.83,48.83,48.83,48.83,400
119,48.86,48.86,48.86,48.86,200
120,48.86,48.86,48.86,48.86,1100
124,48.88,48.89,48.88,48.88,13500
125,48.89,48.89,48.89,48.89,600
126,48.89,48.89,48.89,48.89,500
131,48.91,48.91,48.9,48.9,1000
134,48.93,48.93,48.93,48.93,670
135,48.91,48.91,48.91,48.91,350
136,48.91,48.91,48.91,48.91,100
137,48.9,48.9,48.9,48.9,100
138,48.89,48.89,48.89,48.89,500
140,48.89,48.89,48.89,48.89,100
143,48.9,48.9,48.9,48.9,400
144,48.91,48.91,48.905,48.905,500
145,48.91,48.91,48.91,48.91,400
146,48.92,48.92,48.915,48.915,200
148,48.96,48.96,48.945,48.945,300
149,48.96,48.96,48.955,48.955,600
150,48.975,48.975,48.965,48.965,300
151,48.96,48.96,48.955,48.96,350
155,48.96,48.96,48.945,48.95,1100
158,48.95,48.95,48.95,48.95,400
159,48.94,48.94,48.938,48.938,1335
163,48.96,48.96,48.96,48.96,2163
164,48.97,48.97,48.97,48.97,1400
166,48.98,48.98,48.98,48.98,13399
167,48.98,48.98,48.98,48.98,31400
168,48.98,48.98,48.98,48.98,32100
169,48.99,48.99,48.985,48.985,1900
170,48.99,48.99,48.99,48.99,1955
171,48.99,48.99,48.99,48.99,1100
173,48.99,48.99,48.99,48.99,500
174,48.97,48.98,48.97,48.98,475
175,48.96,48.96,48.96,48.96,300
177,48.97,48.97,48.97,48.97,600
178,48.98,48.98,48.98,48.98,100
180,48.98,48.99,48.98,48.99,3900
181,48.99,48.99,48.98,48.98,10177
182,48.99,48.99,48.99,48.99,104
185,48.99,48.99,48.98,48.99,4683
186,48.99,48.99,48.99,48.99,500
192,48.989,48.99,48.985,48.99,1992
193,48.979,48.985,48.975,48.98,4507
196,48.97,48.97,48.97,48.97,800
197,48.979,48.979,48.96,48.96,1200
203,49.039,49.039,49.039,49.039,129
207,49.06,49.06,49.06,49.06,300
211,49.06,49.06,49.06,49.06,500
212,49.04,49.05,49.04,49.05,413
216,49.02,49.02,49.015,49.015,449
218,49.01,49.02,49.01,49.02,1654
222,49.019,49.019,49.01,49.01,1100
224,49.01,49.01,49.01,49.01,500
225,48.955,48.955,48.955,48.955,257
227,48.94,48.94,48.94,48.94,400
228,48.93,48.93,48.93,48.93,100
232,48.95,48.95,48.95,48.95,200
233,48.95,48.95,48.95,48.95,400
234,48.939,48.939,48.939,48.939,117
235,48.94,48.94,48.94,48.94,200
236,48.939,48.939,48.939,48.939,429
239,48.945,48.945,48.945,48.945,200
240,48.94,48.94,48.94,48.94,400
241,48.96,48.96,48.96,48.96,1092
244,48.99,48.99,48.99,48.99,100
245,48.985,48.985,48.985,48.985,1412
246,48.96,48.96,48.96,48.96,600
247,48.959,48.959,48.93,48.94,915
248,48.94,48.94,48.94,48.94,400
252,48.99,48.99,48.98,48.98,1646
253,48.98,48.99,48.98,48.99,950
254,48.98,48.98,48.98,48.98,1400
255,48.99,48.99,48.99,48.99,100
256,49.01,49.01,49.01,49.01,100
257,49.01,49.02,49.01,49.02,1000
259,48.99,49,48.99,49,500
260,48.99,48.99,48.99,48.99,100
262,48.97,48.97,48.97,48.97,400
263,48.998,48.998,48.998,48.998,400
266,49.01,49.01,49.01,49.01,1800
268,49.02,49.02,49.02,49.02,600
269,49,49.01,49,49.01,305
272,48.99,48.99,48.99,48.99,100
275,49,49,49,49,100
278,48.97,48.97,48.97,48.97,100
279,48.97,48.97,48.97,48.97,600
283,48.97,48.97,48.97,48.97,400
285,48.95,48.95,48.95,48.95,500
287,48.96,48.96,48.96,48.96,100
289,48.99,48.99,48.99,48.99,100
290,49.009,49.009,49.009,49.009,106
291,49.02,49.02,49.01,49.01,5211
292,49.008,49.008,49.008,49.008,100
293,49,49,49,49,450
297,48.98,48.98,48.98,48.98,1104
298,48.97,48.97,48.97,48.97,300
303,48.98,48.98,48.98,48.98,100
307,48.99,48.99,48.99,48.99,100
308,49,49,49,49,616
309,49,49,49,49,100
313,49.01,49.01,49.01,49.01,100
315,49,49,49,49,200
316,49,49,49,49,100
317,48.98,48.99,48.98,48.99,600
319,48.97,48.97,48.97,48.97,100
321,48.93,48.95,48.93,48.95,850
323,48.94,48.94,48.93,48.93,1416
327,48.96,48.96,48.96,48.96,200
329,48.939,48.939,48.938,48.938,1555
330,48.94,48.94,48.94,48.94,100
331,48.92,48.92,48.92,48.92,450
333,48.95,48.95,48.95,48.95,1388
334,48.95,48.95,48.95,48.95,500
336,48.95,48.95,48.95,48.95,1400
338,48.96,48.96,48.95,48.95,1600
340,48.97,48.97,48.97,48.97,400
341,48.97,48.97,48.97,48.97,500
343,48.94,48.97,48.94,48.97,5800
349,48.94,48.945,48.94,48.94,3850
351,48.93,48.93,48.93,48.93,6000
352,48.94,48.94,48.94,48.94,1900
354,48.93,48.93,48.93,48.93,700
356,48.95,48.95,48.95,48.95,1554
359,48.96,48.96,48.96,48.96,2450
361,48.95,48.95,48.95,48.95,1554
362,48.96,48.96,48.95,48.95,1100
364,48.96,48.96,48.96,48.96,100
365,48.98,48.98,48.98,48.98,309
367,49.01,49.01,49.01,49.01,500
368,48.99,49,48.99,49,2397
370,48.97,48.97,48.97,48.97,400
371,48.94,48.94,48.94,48.94,100
372,48.93,48.93,48.93,48.93,600
376,48.98,48.98,48.98,48.98,1200
377,48.98,48.98,48.98,48.98,100
378,48.98,48.98,48.98,48.98,500
379,48.98,48.98,48.98,48.98,118
382,48.99,48.99,48.99,48.99,100
386,48.96,48.96,48.96,48.96,100
388,48.94,48.94,48.93,48.93,800
389,48.95,48.95,48.94,48.94,4104
390,48.95,48.95,48.93,48.95,2910
a1427463000,48.97,49.03,48.97,49.03,19138
1,49,49,48.96,48.97,7700
2,48.96,49,48.96,49,1500
3,48.95,48.95,48.95,48.95,1179
5,48.99,48.99,48.99,48.99,7450
6,48.97,48.99,48.97,48.99,5752
7,48.95,48.97,48.95,48.97,704
8,48.96,48.96,48.96,48.96,500
9,48.94,48.95,48.94,48.95,600
11,48.94,48.94,48.94,48.94,400
12,48.94,48.94,48.92,48.92,1300
13,48.93,48.94,48.93,48.94,500
16,48.9,48.91,48.9,48.91,200
20,48.92,48.92,48.91,48.91,800
22,48.93,48.93,48.92,48.92,5599
25,48.96,48.96,48.96,48.96,400
26,48.95,48.95,48.94,48.95,1700
29,48.97,48.98,48.97,48.98,5000
31,48.96,48.96,48.96,48.96,100
34,48.97,48.97,48.97,48.97,500
37,48.98,48.98,48.98,48.98,500
39,48.96,48.96,48.96,48.96,1000
40,48.98,48.98,48.97,48.97,500
41,48.99,48.99,48.98,48.98,902
43,48.94,48.94,48.94,48.94,500
44,48.92,48.92,48.92,48.92,300
45,48.93,48.93,48.92,48.92,500
47,48.9,48.9,48.9,48.9,100
48,48.89,48.89,48.89,48.89,500
49,48.93,48.93,48.89,48.89,1400
51,48.94,48.94,48.94,48.94,100
53,48.95,48.95,48.94,48.94,268
56,48.95,48.96,48.95,48.96,1100
57,48.95,48.95,48.95,48.95,100
59,48.94,48.95,48.94,48.95,200
60,48.95,48.95,48.95,48.95,100
61,48.95,48.95,48.95,48.95,400
62,48.92,48.92,48.92,48.92,600
63,48.91,48.91,48.91,48.91,400
64,48.91,48.91,48.91,48.91,100
65,48.9,48.91,48.9,48.91,5200
66,48.91,48.91,48.91,48.91,100
67,48.93,48.93,48.93,48.93,100
69,48.96,48.96,48.95,48.95,700
77,48.97,48.97,48.97,48.97,500
78,48.97,48.97,48.97,48.97,354
79,48.97,48.97,48.97,48.97,100
80,48.97,48.97,48.97,48.97,100
82,49.01,49.01,48.99,48.99,400
84,49.01,49.01,49.01,49.01,500
85,48.99,48.99,48.99,48.99,100
86,49.01,49.01,49,49,300
87,49.01,49.01,49.01,49.01,100
91,49.01,49.03,49.01,49.03,900
92,49.01,49.01,49.01,49.01,100
93,49.01,49.01,49.01,49.01,100
95,49,49,49,49,363
96,49,49,49,49,100
97,49.01,49.01,49.01,49.01,100
101,48.998,48.998,48.998,48.998,185
102,48.99,48.99,48.99,48.99,100
103,49,49,49,49,100
104,49.01,49.01,49,49,600
105,49.01,49.01,49.01,49.01,1600
106,49.01,49.01,49.01,49.01,800
110,48.98,48.98,48.98,48.98,1900
111,48.97,48.97,48.97,48.97,400
112,48.99,48.99,48.99,48.99,100
113,48.99,48.99,48.99,48.99,600
115,48.97,48.97,48.97,48.97,232
116,48.97,48.97,48.97,48.97,368
117,48.95,48.95,48.95,48.95,100
119,48.95,48.95,48.94,48.95,1167
120,48.94,48.94,48.94,48.94,100
121,48.95,48.95,48.95,48.95,200
122,48.96,48.96,48.96,48.96,700
124,48.96,48.96,48.96,48.96,100
125,48.96,48.96,48.96,48.96,100
126,48.95,48.95,48.95,48.95,400
127,48.95,48.95,48.95,48.95,100
134,48.939,48.939,48.939,48.939,200
135,48.96,48.96,48.94,48.94,800
139,48.96,48.96,48.96,48.96,100
140,48.97,48.97,48.97,48.97,100
142,48.97,48.978,48.97,48.978,1069
144,48.949,48.95,48.948,48.95,1345
145,48.91,48.91,48.91,48.91,492
146,48.88,48.909,48.88,48.909,817
147,48.9,48.9,48.9,48.9,600
148,48.91,48.91,48.89,48.89,1100
149,48.92,48.92,48.91,48.91,800
151,48.94,48.96,48.94,48.96,804
152,48.95,48.95,48.94,48.94,300
154,48.93,48.93,48.93,48.93,200
156,48.93,48.93,48.93,48.93,509
157,48.93,48.93,48.93,48.93,100
158,48.94,48.94,48.94,48.94,100
159,48.94,48.949,48.94,48.949,433
160,48.96,48.96,48.93,48.93,1328
161,49,49,48.97,48.97,1419
162,48.98,48.98,48.98,48.98,200
163,48.99,48.99,48.99,48.99,800
165,48.97,48.97,48.97,48.97,100
166,48.98,48.98,48.97,48.97,200
167,49.01,49.02,48.99,48.99,2330
168,48.99,49,48.99,49,2006
169,48.98,48.98,48.98,48.98,200
170,48.96,48.98,48.96,48.98,800
171,48.96,48.96,48.95,48.95,600
172,48.97,48.97,48.97,48.97,200
173,48.97,48.98,48.97,48.98,800
174,48.98,48.98,48.98,48.98,600
175,48.98,48.98,48.98,48.98,100
177,49,49,49,49,400
179,48.94,48.98,48.94,48.98,686
180,48.93,48.94,48.93,48.94,809
181,48.94,48.94,48.94,48.94,500
182,48.96,48.96,48.96,48.96,500
183,48.98,48.98,48.96,48.96,600
187,48.95,48.95,48.95,48.95,400
194,49,49,49,49,500
196,48.959,48.98,48.959,48.98,1300
202,48.98,48.98,48.98,48.98,400
203,48.98,48.98,48.98,48.98,100
206,48.99,48.99,48.99,48.99,100
209,49,49,49,49,300
210,48.999,48.999,48.999,48.999,200
215,49.03,49.03,49.03,49.03,993
216,49.02,49.02,49.02,49.02,721
218,48.99,48.99,48.99,48.99,982
227,49,49,49,49,500
228,48.97,48.97,48.97,48.97,329
233,48.988,48.988,48.988,48.988,332
243,48.98,48.98,48.98,48.98,168
249,49,49,49,49,1600
251,48.99,48.99,48.99,48.99,600
254,49,49,49,49,446
255,48.98,48.98,48.98,48.98,100
256,48.98,48.98,48.98,48.98,130
257,48.96,48.97,48.96,48.97,810
258,48.959,48.959,48.958,48.958,644
259,48.95,48.95,48.95,48.95,432
260,48.959,48.959,48.959,48.959,1200
261,48.96,48.96,48.96,48.96,136
265,48.98,48.98,48.98,48.98,600
268,49,49,49,49,100
282,49.035,49.035,49.02,49.02,1015
283,49.035,49.035,49.035,49.035,11200
285,49.03,49.03,49.03,49.03,585
287,49.02,49.02,49.02,49.02,600
289,49,49.01,49,49.01,4351
292,49,49,49,49,200
293,49.01,49.01,49.01,49.01,600
298,49.01,49.01,49.01,49.01,1300
300,49.01,49.01,49.01,49.01,400
308,48.99,48.99,48.99,48.99,1080
309,48.98,48.98,48.98,48.98,100
311,48.98,48.98,48.98,48.98,133
312,48.97,48.97,48.97,48.97,171
315,48.975,48.975,48.975,48.975,100
317,48.975,48.98,48.975,48.98,700
320,48.975,48.975,48.975,48.975,100
321,48.98,48.98,48.98,48.98,320
322,48.985,48.985,48.975,48.98,900
323,48.985,48.985,48.985,48.985,100
324,48.985,48.985,48.985,48.985,100
325,48.985,48.985,48.985,48.985,100
329,48.985,48.985,48.985,48.985,200
330,48.99,48.99,48.99,48.99,100
337,49.03,49.03,49.029,49.029,200
338,49.01,49.01,49.01,49.01,400
346,49.018,49.018,49.01,49.01,400
347,48.99,48.99,48.99,48.99,100
351,48.995,48.995,48.995,48.995,500
358,49.01,49.01,49.01,49.01,500
361,49,49,49,49,1200
363,49.009,49.009,49,49,1300
364,49.01,49.01,49.01,49.01,515
368,49.03,49.03,49.03,49.03,578
369,49.05,49.05,49.05,49.05,720
370,49.06,49.06,49.06,49.06,424
371,49.06,49.06,49.06,49.06,1000
375,49.06,49.06,49.06,49.06,600
376,49.04,49.08,49.04,49.04,1660
377,49.08,49.08,49.05,49.05,1859
378,49.068,49.068,49.065,49.065,620
379,49.03,49.05,49.03,49.05,1400
381,49.03,49.03,49.03,49.03,300
383,49.03,49.03,49.03,49.03,100
385,49.02,49.02,49.02,49.02,230
386,49.03,49.03,49.03,49.03,100
387,49.03,49.03,49.03,49.03,240
388,49.03,49.03,49.03,49.03,510
390,49.03,49.03,49.01,49.03,5127
a1427722200,49.14,49.14,49.14,49.14,27572
1,49.13,49.14,49.1,49.14,3433
2,49.16,49.16,49.16,49.16,100
3,49.15,49.15,49.14,49.14,1100
4,49.15,49.169,49.15,49.169,1169
5,49.16,49.16,49.149,49.149,700
6,49.18,49.18,49.18,49.18,500
7,49.179,49.18,49.179,49.18,700
8,49.17,49.17,49.17,49.17,321
9,49.17,49.175,49.17,49.175,1250
10,49.2,49.2,49.175,49.175,12539
12,49.22,49.22,49.2,49.2,3500
13,49.23,49.23,49.22,49.22,1041
14,49.22,49.22,49.22,49.22,300
16,49.21,49.22,49.21,49.21,3600
17,49.21,49.21,49.21,49.21,100
18,49.22,49.22,49.22,49.22,100
19,49.22,49.22,49.22,49.22,400
20,49.21,49.21,49.21,49.21,400
21,49.21,49.21,49.21,49.21,4622
22,49.21,49.22,49.205,49.22,3700
24,49.2,49.2,49.2,49.2,200
25,49.2,49.2,49.2,49.2,100
26,49.2,49.2,49.2,49.2,200
27,49.2,49.2,49.2,49.2,1713
29,49.19,49.19,49.19,49.19,800
30,49.18,49.18,49.18,49.18,750
31,49.19,49.19,49.19,49.19,2384
32,49.18,49.18,49.18,49.18,400
33,49.18,49.18,49.178,49.178,1998
34,49.185,49.185,49.185,49.185,520
37,49.139,49.14,49.139,49.14,800
38,49.15,49.15,49.15,49.15,100
39,49.16,49.16,49.16,49.16,250
40,49.17,49.17,49.17,49.17,100
41,49.189,49.189,49.189,49.189,500
42,49.2,49.2,49.2,49.2,100
44,49.21,49.21,49.2,49.2,1400
45,49.21,49.21,49.21,49.21,600
46,49.2,49.2,49.2,49.2,100
47,49.2,49.2,49.2,49.2,100
49,49.21,49.21,49.21,49.21,900
52,49.23,49.23,49.23,49.23,100
55,49.2,49.2,49.2,49.2,200
57,49.2,49.2,49.2,49.2,500
58,49.2,49.2,49.2,49.2,100
60,49.22,49.22,49.22,49.22,100
61,49.23,49.23,49.23,49.23,100
62,49.25,49.25,49.25,49.25,4100
63,49.26,49.26,49.26,49.26,100
66,49.24,49.24,49.24,49.24,300
68,49.22,49.22,49.22,49.22,200
69,49.22,49.22,49.22,49.22,100
71,49.22,49.22,49.22,49.22,100
72,49.22,49.22,49.22,49.22,100
73,49.21,49.21,49.21,49.21,1263
74,49.21,49.21,49.21,49.21,100
75,49.21,49.21,49.21,49.21,100
76,49.22,49.22,49.22,49.22,200
79,49.22,49.22,49.22,49.22,800
83,49.22,49.22,49.22,49.22,200
84,49.24,49.24,49.24,49.24,200
85,49.25,49.25,49.24,49.24,200
86,49.25,49.25,49.25,49.25,200
87,49.24,49.24,49.24,49.24,100
88,49.22,49.22,49.22,49.22,300
89,49.24,49.24,49.24,49.24,100
90,49.23,49.23,49.23,49.23,529
92,49.23,49.23,49.23,49.23,500
94,49.21,49.21,49.21,49.21,400
97,49.23,49.23,49.23,49.23,100
99,49.22,49.22,49.22,49.22,100
101,49.23,49.23,49.23,49.23,500
103,49.23,49.23,49.23,49.23,100
106,49.24,49.24,49.24,49.24,100
108,49.25,49.25,49.25,49.25,300
109,49.245,49.245,49.245,49.245,100
110,49.23,49.25,49.23,49.25,410
112,49.23,49.235,49.23,49.235,1800
114,49.22,49.23,49.22,49.23,1000
120,49.23,49.23,49.23,49.23,500
121,49.24,49.24,49.23,49.23,200
123,49.23,49.23,49.23,49.23,100
124,49.23,49.23,49.23,49.23,100
125,49.21,49.21,49.205,49.205,230
127,49.215,49.215,49.21,49.21,1200
129,49.21,49.21,49.21,49.21,400
133,49.21,49.21,49.21,49.21,100
134,49.21,49.21,49.21,49.21,500
136,49.205,49.205,49.205,49.205,100
137,49.21,49.21,49.205,49.205,5900
138,49.22,49.22,49.22,49.22,212
139,49.22,49.22,49.22,49.22,299
141,49.22,49.22,49.22,49.22,100
143,49.21,49.21,49.21,49.21,1800
147,49.21,49.21,49.21,49.21,500
150,49.23,49.23,49.23,49.23,100
151,49.23,49.23,49.23,49.23,200
155,49.24,49.25,49.24,49.25,200
156,49.24,49.24,49.24,49.24,100
159,49.23,49.24,49.23,49.24,499
160,49.22,49.22,49.22,49.22,200
161,49.22,49.22,49.22,49.22,1000
164,49.23,49.23,49.23,49.23,100
166,49.24,49.24,49.24,49.24,1100
168,49.25,49.25,49.25,49.25,500
170,49.25,49.25,49.25,49.25,600
171,49.23,49.24,49.23,49.24,1585
177,49.26,49.26,49.26,49.26,100
183,49.25,49.25,49.25,49.25,625
185,49.26,49.26,49.26,49.26,400
188,49.25,49.25,49.25,49.25,554
192,49.26,49.26,49.26,49.26,100
193,49.27,49.27,49.259,49.259,900
195,49.255,49.255,49.255,49.255,100
198,49.265,49.27,49.265,49.27,300
199,49.27,49.27,49.27,49.27,100
200,49.265,49.27,49.265,49.27,600
201,49.27,49.27,49.27,49.27,900
206,49.28,49.28,49.28,49.28,100
208,49.28,49.28,49.28,49.28,1100
210,49.28,49.28,49.28,49.28,900
211,49.28,49.28,49.28,49.28,300
214,49.295,49.295,49.295,49.295,100
216,49.295,49.295,49.295,49.295,400
217,49.299,49.299,49.299,49.299,509
220,49.32,49.32,49.32,49.32,100
224,49.32,49.32,49.32,49.32,2062
226,49.32,49.32,49.32,49.32,261
227,49.32,49.32,49.32,49.32,100
240,49.305,49.31,49.305,49.31,1562
244,49.31,49.31,49.31,49.31,100
253,49.3,49.3,49.3,49.3,1662
254,49.29,49.29,49.29,49.29,100
258,49.27,49.28,49.27,49.28,200
259,49.27,49.27,49.27,49.27,1400
262,49.26,49.26,49.26,49.26,100
264,49.255,49.255,49.255,49.255,600
265,49.26,49.26,49.26,49.26,400
267,49.255,49.26,49.255,49.26,500
271,49.26,49.26,49.26,49.26,400
276,49.305,49.305,49.305,49.305,1287
280,49.3,49.3,49.3,49.3,100
285,49.3,49.3,49.3,49.3,106
286,49.3,49.3,49.3,49.3,100
287,49.32,49.32,49.32,49.32,100
288,49.32,49.32,49.32,49.32,100
289,49.33,49.33,49.33,49.33,100
291,49.345,49.345,49.345,49.345,200
296,49.34,49.34,49.34,49.34,520
297,49.335,49.335,49.335,49.335,600
304,49.33,49.33,49.33,49.33,600
305,49.32,49.32,49.32,49.32,474
310,49.32,49.32,49.32,49.32,100
311,49.32,49.32,49.32,49.32,403
312,49.32,49.32,49.32,49.32,399
316,49.32,49.32,49.315,49.32,1308
317,49.325,49.325,49.325,49.325,1754
320,49.32,49.32,49.32,49.32,400
327,49.32,49.32,49.32,49.32,200
328,49.325,49.33,49.325,49.33,1769
336,49.335,49.335,49.335,49.335,200
338,49.34,49.34,49.34,49.34,400
341,49.34,49.34,49.34,49.34,1762
346,49.32,49.32,49.32,49.32,200
349,49.32,49.32,49.309,49.309,250
351,49.328,49.328,49.328,49.328,936
353,49.32,49.32,49.32,49.32,1200
354,49.31,49.31,49.31,49.31,3200
362,49.3,49.3,49.3,49.3,500
364,49.3,49.3,49.3,49.3,600
372,49.31,49.31,49.31,49.31,100
375,49.31,49.31,49.31,49.31,100
377,49.309,49.309,49.308,49.308,1839
378,49.295,49.295,49.295,49.295,200
379,49.3,49.3,49.3,49.3,329
381,49.295,49.295,49.295,49.295,200
383,49.289,49.29,49.289,49.29,245
384,49.28,49.28,49.28,49.28,410
385,49.28,49.28,49.28,49.28,400
390,49.23,49.25,49.23,49.25,23881
a1427808600,48.63,48.63,48.63,48.63,60053
1,48.55,48.61,48.54,48.61,20698
3,48.62,48.62,48.56,48.56,3437
5,48.66,48.66,48.65,48.65,600
6,48.649,48.649,48.638,48.638,400
7,48.67,48.67,48.67,48.67,100
11,48.64,48.66,48.64,48.66,2750
13,48.65,48.65,48.64,48.65,7705
14,48.64,48.66,48.64,48.65,18831
15,48.64,48.64,48.64,48.64,600
16,48.64,48.64,48.64,48.64,100
18,48.61,48.63,48.61,48.63,1500
19,48.6,48.61,48.6,48.61,3400
20,48.59,48.59,48.59,48.59,8299
21,48.58,48.59,48.58,48.59,1283
24,48.6,48.6,48.6,48.6,600
25,48.63,48.63,48.62,48.62,600
26,48.63,48.63,48.63,48.63,1100
27,48.63,48.63,48.63,48.63,100
28,48.65,48.65,48.64,48.64,600
30,48.66,48.66,48.66,48.66,1450
31,48.65,48.65,48.65,48.65,284
33,48.67,48.67,48.64,48.64,517
171,48.7,48.7,48.7,48.7,500
180,48.71,48.71,48.71,48.71,300
182,48.7,48.7,48.7,48.7,200
190,48.72,48.72,48.72,48.72,201
195,48.73,48.73,48.73,48.73,500
202,48.71,48.71,48.71,48.71,100
204,48.7,48.7,48.7,48.7,100
209,48.7,48.7,48.7,48.7,200
210,48.7,48.7,48.7,48.7,850
213,48.725,48.725,48.715,48.715,376
216,48.729,48.729,48.728,48.728,985
222,48.72,48.725,48.72,48.725,465
223,48.72,48.72,48.72,48.72,500
225,48.72,48.725,48.72,48.72,600
229,48.73,48.73,48.73,48.73,162
230,48.74,48.74,48.74,48.74,100
231,48.745,48.745,48.745,48.745,225
234,48.749,48.749,48.749,48.749,150
243,48.755,48.755,48.755,48.755,177
247,48.765,48.765,48.765,48.765,100
248,48.755,48.755,48.755,48.755,163
249,48.755,48.755,48.755,48.755,135
253,48.765,48.765,48.765,48.765,100
261,48.735,48.735,48.735,48.735,512
263,48.745,48.745,48.745,48.745,926
267,48.715,48.715,48.715,48.715,100
268,48.725,48.725,48.725,48.725,100
269,48.725,48.725,48.725,48.725,200
271,48.745,48.745,48.73,48.73,1325
273,48.725,48.725,48.725,48.725,500
274,48.735,48.735,48.735,48.735,300
279,48.745,48.749,48.745,48.749,1992
283,48.765,48.765,48.765,48.765,100
296,48.775,48.775,48.775,48.775,100
301,48.755,48.755,48.755,48.755,200
306,48.775,48.775,48.77,48.77,262
311,48.775,48.775,48.775,48.775,1050
312,48.775,48.775,48.775,48.775,100
313,48.769,48.769,48.769,48.769,300
317,48.779,48.779,48.779,48.779,300
319,48.785,48.785,48.785,48.785,310
320,48.785,48.785,48.785,48.785,150
323,48.78,48.78,48.78,48.78,200
327,48.785,48.785,48.785,48.785,233
328,48.785,48.785,48.785,48.785,125
329,48.795,48.8,48.795,48.8,1466
330,48.785,48.785,48.785,48.785,110
331,48.775,48.775,48.775,48.775,1043
333,48.765,48.765,48.765,48.765,655
335,48.745,48.745,48.745,48.745,162
337,48.745,48.745,48.745,48.745,175
343,48.745,48.745,48.745,48.745,200
346,48.705,48.705,48.705,48.705,100
349,48.685,48.685,48.685,48.685,200
350,48.69,48.695,48.69,48.695,1800
351,48.705,48.705,48.695,48.695,1450
354,48.685,48.685,48.685,48.685,1026
355,48.68,48.68,48.68,48.68,100
356,48.685,48.685,48.685,48.685,100
358,48.685,48.685,48.685,48.685,2000
360,48.695,48.695,48.695,48.695,100
361,48.675,48.675,48.67,48.67,200
362,48.675,48.675,48.675,48.675,100
365,48.685,48.685,48.685,48.685,100
366,48.69,48.69,48.69,48.69,1815
371,48.705,48.705,48.705,48.705,200
372,48.715,48.715,48.715,48.715,1120
375,48.695,48.695,48.695,48.695,100
376,48.69,48.69,48.69,48.69,100
377,48.68,48.68,48.68,48.68,300
378,48.7,48.7,48.7,48.7,200
379,48.695,48.695,48.695,48.695,100
380,48.705,48.705,48.705,48.705,103
381,48.69,48.69,48.685,48.685,1500
385,48.68,48.68,48.68,48.68,1183
388,48.715,48.715,48.715,48.715,110
389,48.72,48.725,48.72,48.725,500
390,48.73,48.73,48.72,48.73,8541
a1427895000,49.05,49.05,49.05,49.05,30555
2,49.09,49.1,49.08,49.08,600
3,49.08,49.09,49.07,49.09,2079
4,49.08,49.09,49.08,49.09,1511
5,49.03,49.08,49.03,49.08,1311
6,48.99,48.99,48.99,48.99,1048
7,48.99,48.99,48.99,48.99,400
10,48.92,48.92,48.91,48.91,2326
11,48.89,48.9,48.89,48.89,17147
12,48.89,48.89,48.88,48.88,800
15,48.89,48.89,48.89,48.89,400
17,48.87,48.87,48.87,48.87,600
18,48.88,48.88,48.87,48.87,1346
19,48.85,48.88,48.85,48.88,600
20,48.8,48.85,48.8,48.85,1397
21,48.78,48.8,48.78,48.8,1143
22,48.8,48.8,48.79,48.79,13901
23,48.82,48.825,48.815,48.815,605
24,48.83,48.83,48.83,48.83,1084
26,48.81,48.81,48.81,48.81,300
27,48.77,48.79,48.77,48.79,1400
28,48.78,48.78,48.77,48.77,700
30,48.78,48.78,48.77,48.77,1300
31,48.8,48.81,48.8,48.809,6300
32,48.81,48.825,48.81,48.825,578
33,48.78,48.8,48.78,48.8,944
34,48.81,48.81,48.81,48.81,399
36,48.82,48.83,48.82,48.83,800
37,48.81,48.81,48.81,48.81,400
38,48.81,48.82,48.81,48.82,1000
40,48.84,48.84,48.84,48.84,900
43,48.85,48.859,48.85,48.859,520
46,48.84,48.84,48.84,48.84,100
48,48.88,48.88,48.88,48.88,800
49,48.87,48.87,48.87,48.87,100
50,48.89,48.89,48.89,48.89,229
51,48.93,48.93,48.915,48.915,1859
53,48.95,48.96,48.94,48.95,6103
56,48.97,48.97,48.97,48.97,500
57,48.97,48.97,48.97,48.97,400
59,48.98,48.98,48.97,48.97,830
60,48.98,48.98,48.98,48.98,800
61,49,49,49,49,1300
62,49,49,49,49,400
65,48.97,48.97,48.97,48.97,600
66,48.96,48.96,48.96,48.96,532
67,48.97,48.97,48.97,48.97,400
68,48.96,48.96,48.96,48.96,500
71,48.97,48.97,48.97,48.97,500
72,49.01,49.01,49,49,600
73,49.01,49.01,49.01,49.01,500
75,49.03,49.03,49.01,49.01,1100
76,49.04,49.04,49.04,49.04,100
77,49.03,49.03,49.03,49.03,500
78,49.03,49.03,49.02,49.02,1573
79,49.02,49.02,49.02,49.02,400
81,49.05,49.05,49.05,49.05,100
82,49.05,49.05,49.05,49.05,100
89,49,49,48.99,48.995,2130
92,48.97,48.97,48.97,48.97,600
93,48.97,48.97,48.97,48.97,300
103,49.01,49.01,49.01,49.01,200
105,49.04,49.04,49.04,49.04,100
106,49.039,49.039,49.039,49.039,200
108,49.01,49.01,49.005,49.005,1000
110,49.03,49.03,49.01,49.01,583
111,49.04,49.04,49.04,49.04,100
112,49.03,49.03,49.03,49.03,500
114,49.04,49.04,49.04,49.04,500
116,49.03,49.03,49.03,49.03,100
117,49.03,49.03,49.03,49.03,500
118,49.015,49.015,49.01,49.01,757
120,49,49,49,49,200
122,49.03,49.03,49.03,49.03,800
123,48.979,48.98,48.979,48.98,1268
126,48.98,48.98,48.98,48.98,130
127,48.99,48.99,48.99,48.99,300
128,49.009,49.009,49.009,49.009,200
133,49.01,49.01,49,49,1600
134,48.99,48.99,48.99,48.99,1540
135,48.999,48.999,48.999,48.999,451
136,49.02,49.02,49.01,49.01,600
137,49.02,49.02,49.02,49.02,1900
139,49.03,49.03,49.03,49.03,100
147,49.01,49.01,49.01,49.01,200
148,49.01,49.01,49.01,49.01,100
149,48.99,49,48.99,49,1730
154,48.995,48.995,48.995,48.995,1000
156,48.97,48.98,48.97,48.98,3050
157,48.985,48.985,48.98,48.98,1400
160,48.975,48.975,48.975,48.975,600
165,48.95,48.955,48.95,48.95,1900
166,48.95,48.95,48.95,48.95,100
167,48.96,48.96,48.96,48.96,100
172,48.965,48.97,48.965,48.97,871
174,48.98,48.98,48.98,48.98,900
176,49,49,48.995,48.995,6900
177,49.01,49.01,49.01,49.01,500
179,49.02,49.02,49.02,49.02,100
182,49.025,49.025,49.025,49.025,200
183,49.02,49.02,49.02,49.02,348
184,49.01,49.01,49.01,49.01,900
185,49.02,49.02,49.02,49.02,100
187,49.01,49.01,49.01,49.01,100
188,49.01,49.01,49.01,49.01,100
189,49,49,49,49,900
191,49.03,49.03,49.03,49.03,100
193,49.039,49.04,49.035,49.035,14545
194,49.03,49.03,49.03,49.03,224
198,49.03,49.03,49.03,49.03,500
199,49.02,49.02,49.02,49.02,800
202,49.03,49.03,49.03,49.03,100
203,49.05,49.05,49.05,49.05,200
204,49.06,49.06,49.06,49.06,200
215,49.01,49.02,49.01,49.02,6700
216,49.019,49.019,49.019,49.019,1700
218,49.02,49.02,49.02,49.02,3700
219,49.02,49.02,49.02,49.02,9621
220,49.02,49.025,49.02,49.025,8693
221,49.03,49.03,49.03,49.03,300
224,49.03,49.03,49.03,49.03,400
227,49.05,49.05,49.05,49.05,1800
228,49.04,49.05,49.04,49.05,600
229,49.04,49.04,49.04,49.04,500
231,49.03,49.03,49.03,49.03,527
232,49.03,49.03,49.03,49.03,200
233,49.02,49.02,49.02,49.02,200
234,49.02,49.02,49.02,49.02,869
235,49.02,49.02,49.02,49.02,200
236,49.02,49.02,49.02,49.02,800
238,49.02,49.02,49.02,49.02,433
239,49.02,49.02,49.02,49.02,381
240,49.03,49.03,49.03,49.03,400
241,49.035,49.035,49.035,49.035,700
242,49.02,49.03,49.02,49.03,600
245,49.03,49.03,49.03,49.03,800
247,49.03,49.03,49.03,49.03,600
252,49.02,49.02,49.02,49.02,500
256,49.02,49.02,49.02,49.02,500
259,49.02,49.02,49.01,49.01,200
268,49.02,49.03,49.02,49.03,1430
269,49.02,49.02,49.02,49.02,700
271,49.02,49.02,49.02,49.02,1000
273,49.015,49.02,49.015,49.02,858
274,49.01,49.01,49.01,49.01,100
277,49.02,49.02,49.01,49.01,500
280,49.03,49.035,49.03,49.035,800
281,49.03,49.03,49.025,49.025,11220
282,49.04,49.04,49.04,49.04,600
283,49.04,49.04,49.04,49.04,656
284,49.04,49.04,49.04,49.04,100
285,49,49.01,49,49.01,800
287,48.99,48.99,48.99,48.99,2300
289,49,49,49,49,300
296,49,49.01,49,49.01,1806
299,49.01,49.01,49.01,49.01,600
300,49,49,49,49,500
302,49,49,49,49,400
303,48.995,48.995,48.99,48.99,1884
305,49,49,49,49,600
309,48.995,48.995,48.995,48.995,1149
310,49.005,49.005,49.005,49.005,200
312,49,49,49,49,200
314,48.99,48.99,48.99,48.99,300
316,48.995,48.995,48.995,48.995,400
319,49.015,49.015,49,49,700
322,49.02,49.02,49.02,49.02,1500
325,49.015,49.015,49.015,49.015,200
328,49.01,49.01,49.01,49.01,400
332,48.99,48.99,48.99,48.99,800
333,48.99,48.99,48.99,48.99,400
334,48.995,48.995,48.995,48.995,200
336,48.99,48.99,48.99,48.99,500
337,48.98,48.98,48.98,48.98,2269
338,48.975,48.975,48.975,48.975,200
339,48.96,48.97,48.96,48.97,2900
341,48.955,48.955,48.955,48.955,200
342,48.95,48.95,48.95,48.95,500
343,48.95,48.95,48.95,48.95,600
344,48.96,48.96,48.96,48.96,300
346,48.97,48.97,48.97,48.97,2500
347,48.97,48.97,48.97,48.97,100
348,48.96,48.96,48.96,48.96,400
349,48.96,48.97,48.96,48.97,1800
351,48.96,48.96,48.96,48.96,1400
352,48.96,48.96,48.96,48.96,200
353,48.97,48.97,48.97,48.97,610
354,48.97,48.97,48.97,48.97,400
355,48.98,48.98,48.98,48.98,200
372,49,49,49,49,500
377,49,49,49,49,400
380,49.025,49.025,49.02,49.02,800
381,49.025,49.03,49.02,49.02,800
382,49.03,49.03,49.03,49.03,800
383,49.035,49.035,49.035,49.035,500
384,49.03,49.03,49.03,49.03,100
385,49.03,49.03,49.03,49.03,1752
386,49.04,49.04,49.04,49.04,200
387,49.05,49.05,49.05,49.05,400
388,49.05,49.05,49.05,49.05,200
389,49.06,49.06,49.05,49.05,1300
390,49.1,49.1,49.05,49.06,23556
a1427981400,49.32,49.32,49.32,49.32,16845
1,49.37,49.37,49.36,49.36,600
2,49.34,49.34,49.34,49.34,448
3,49.38,49.38,49.38,49.38,500
5,49.43,49.43,49.42,49.42,200
6,49.45,49.45,49.43,49.44,1000
7,49.43,49.45,49.43,49.45,500
8,49.43,49.43,49.43,49.43,1300
9,49.43,49.43,49.42,49.42,1100
10,49.43,49.43,49.43,49.43,200
11,49.43,49.43,49.42,49.42,1500
12,49.45,49.45,49.42,49.43,2500
13,49.45,49.45,49.45,49.45,400
14,49.44,49.45,49.44,49.45,1000
16,49.47,49.47,49.47,49.47,900
18,49.51,49.51,49.505,49.505,600
20,49.57,49.57,49.57,49.57,1050
21,49.58,49.58,49.57,49.57,300
22,49.56,49.57,49.56,49.57,700
23,49.56,49.57,49.56,49.57,683
24,49.55,49.55,49.55,49.55,930
27,49.53,49.54,49.53,49.54,1798
28,49.52,49.52,49.519,49.519,680
29,49.53,49.53,49.53,49.53,100
30,49.53,49.53,49.529,49.529,1060
31,49.53,49.53,49.53,49.53,100
34,49.528,49.528,49.528,49.528,110
36,49.54,49.54,49.54,49.54,100
40,49.52,49.52,49.52,49.52,600
41,49.52,49.52,49.52,49.52,400
42,49.49,49.51,49.49,49.51,578
43,49.49,49.5,49.49,49.5,900
44,49.5,49.5,49.5,49.5,400
45,49.49,49.51,49.49,49.51,600
47,49.49,49.49,49.49,49.49,1000
50,49.49,49.49,49.49,49.49,200
51,49.51,49.51,49.49,49.49,900
56,49.48,49.48,49.48,49.48,100
57,49.46,49.46,49.46,49.46,100
58,49.455,49.46,49.455,49.46,200
59,49.46,49.46,49.46,49.46,300
61,49.47,49.47,49.47,49.47,500
62,49.46,49.46,49.46,49.46,100
63,49.45,49.45,49.45,49.45,100
64,49.445,49.445,49.445,49.445,200
67,49.44,49.44,49.44,49.44,100
68,49.44,49.44,49.435,49.435,300
70,49.43,49.43,49.43,49.43,100
71,49.42,49.42,49.42,49.42,100
72,49.435,49.435,49.435,49.435,100
73,49.45,49.45,49.45,49.45,400
74,49.41,49.44,49.41,49.44,800
76,49.419,49.419,49.41,49.41,706
77,49.43,49.43,49.42,49.42,600
78,49.44,49.44,49.44,49.44,900
79,49.435,49.435,49.435,49.435,100
80,49.445,49.445,49.44,49.44,200
81,49.44,49.44,49.44,49.44,500
82,49.449,49.449,49.449,49.449,300
83,49.459,49.459,49.45,49.45,1550
84,49.46,49.46,49.46,49.46,500
85,49.475,49.475,49.475,49.475,100
87,49.485,49.485,49.485,49.485,100
88,49.48,49.48,49.48,49.48,600
89,49.47,49.47,49.47,49.47,100
90,49.47,49.47,49.47,49.47,100
91,49.465,49.47,49.46,49.47,1800
92,49.48,49.48,49.475,49.475,2290
93,49.48,49.48,49.48,49.48,900
96,49.47,49.48,49.47,49.48,200
101,49.49,49.49,49.49,49.49,100
102,49.49,49.49,49.49,49.49,100
103,49.485,49.485,49.48,49.48,200
105,49.49,49.49,49.49,49.49,400
107,49.48,49.48,49.48,49.48,600
110,49.49,49.49,49.49,49.49,100
112,49.49,49.49,49.49,49.49,100
116,49.48,49.48,49.48,49.48,500
117,49.47,49.47,49.47,49.47,300
120,49.44,49.45,49.44,49.45,949
121,49.45,49.45,49.45,49.45,1000
124,49.45,49.45,49.45,49.45,900
125,49.46,49.465,49.46,49.465,700
126,49.46,49.46,49.46,49.46,200
128,49.46,49.46,49.46,49.46,600
130,49.45,49.45,49.45,49.45,732
131,49.47,49.47,49.46,49.46,1100
133,49.46,49.46,49.46,49.46,439
135,49.46,49.46,49.46,49.46,300
137,49.455,49.455,49.455,49.455,100
138,49.44,49.445,49.44,49.445,4600
139,49.45,49.45,49.44,49.44,1000
140,49.46,49.46,49.45,49.45,864
142,49.46,49.46,49.46,49.46,2068
143,49.46,49.46,49.46,49.46,900
144,49.45,49.465,49.45,49.465,2579
145,49.43,49.44,49.43,49.44,759
146,49.42,49.42,49.42,49.42,400
147,49.43,49.43,49.419,49.419,200
148,49.435,49.435,49.43,49.43,500
149,49.44,49.44,49.44,49.44,100
150,49.45,49.45,49.45,49.45,600
151,49.45,49.45,49.45,49.45,400
152,49.42,49.42,49.42,49.42,1300
156,49.4,49.41,49.4,49.41,610
160,49.41,49.41,49.41,49.41,400
165,49.42,49.42,49.42,49.42,900
167,49.43,49.43,49.43,49.43,313
169,49.46,49.46,49.46,49.46,900
170,49.45,49.45,49.45,49.45,500
171,49.44,49.44,49.44,49.44,200
172,49.455,49.455,49.455,49.455,1700
176,49.48,49.48,49.48,49.48,1300
183,49.49,49.49,49.48,49.48,1100
187,49.5,49.5,49.5,49.5,1500
188,49.51,49.51,49.51,49.51,114
189,49.519,49.52,49.51,49.51,1400
192,49.52,49.52,49.52,49.52,186
197,49.51,49.51,49.51,49.51,500
199,49.5,49.5,49.5,49.5,100
200,49.5,49.5,49.5,49.5,500
201,49.505,49.505,49.505,49.505,200
202,49.5,49.5,49.5,49.5,300
203,49.5,49.5,49.5,49.5,100
204,49.499,49.499,49.499,49.499,115
205,49.51,49.51,49.51,49.51,200
215,49.49,49.49,49.49,49.49,1130
221,49.49,49.49,49.49,49.49,100
223,49.5,49.5,49.5,49.5,417
224,49.51,49.51,49.5,49.5,658
226,49.52,49.52,49.52,49.52,786
227,49.53,49.53,49.53,49.53,200
234,49.529,49.529,49.529,49.529,151
235,49.53,49.53,49.53,49.53,172
237,49.539,49.539,49.539,49.539,505
239,49.53,49.53,49.53,49.53,300
242,49.51,49.51,49.51,49.51,170
244,49.495,49.495,49.495,49.495,200
251,49.5,49.5,49.5,49.5,398
252,49.49,49.49,49.49,49.49,384
254,49.48,49.48,49.48,49.48,600
255,49.49,49.49,49.49,49.49,100
256,49.49,49.49,49.49,49.49,400
257,49.48,49.48,49.48,49.48,100
260,49.5,49.5,49.49,49.49,1204
262,49.53,49.53,49.53,49.53,400
263,49.519,49.52,49.519,49.52,700
264,49.52,49.52,49.52,49.52,400
266,49.54,49.54,49.54,49.54,500
267,49.54,49.54,49.54,49.54,500
270,49.52,49.52,49.52,49.52,100
272,49.52,49.52,49.52,49.52,579
277,49.52,49.52,49.519,49.519,665
278,49.52,49.52,49.52,49.52,100
282,49.52,49.52,49.52,49.52,1330
286,49.529,49.529,49.529,49.529,1670
290,49.56,49.56,49.56,49.56,500
292,49.55,49.55,49.55,49.55,290
297,49.549,49.549,49.545,49.545,4915
298,49.55,49.55,49.55,49.55,600
306,49.54,49.54,49.54,49.54,2200
307,49.53,49.53,49.53,49.53,1100
309,49.54,49.54,49.54,49.54,300
313,49.519,49.52,49.519,49.52,700
314,49.51,49.51,49.51,49.51,3700
315,49.5,49.5,49.5,49.5,563
318,49.51,49.51,49.5,49.5,600
321,49.51,49.51,49.51,49.51,200
322,49.51,49.51,49.51,49.51,500
331,49.525,49.525,49.519,49.519,6600
336,49.535,49.535,49.535,49.535,400
337,49.53,49.53,49.53,49.53,1260
340,49.525,49.525,49.525,49.525,400
343,49.51,49.51,49.51,49.51,300
346,49.499,49.499,49.495,49.495,1055
347,49.505,49.505,49.5,49.5,800
357,49.505,49.505,49.505,49.505,400
358,49.51,49.51,49.51,49.51,593
360,49.515,49.52,49.515,49.52,3125
361,49.51,49.51,49.51,49.51,1300
362,49.505,49.505,49.505,49.505,1000
363,49.51,49.51,49.51,49.51,100
364,49.51,49.51,49.51,49.51,1621
365,49.51,49.51,49.51,49.51,300
366,49.51,49.51,49.51,49.51,100
367,49.525,49.525,49.525,49.525,100
368,49.535,49.535,49.535,49.535,400
369,49.53,49.53,49.53,49.53,574
370,49.535,49.535,49.535,49.535,100
371,49.525,49.53,49.525,49.53,914
372,49.52,49.525,49.52,49.525,1546
374,49.525,49.525,49.525,49.525,200
376,49.54,49.54,49.54,49.54,736
377,49.545,49.545,49.54,49.54,400
379,49.54,49.54,49.54,49.54,352
381,49.54,49.54,49.54,49.54,200
382,49.54,49.54,49.54,49.54,300
383,49.539,49.539,49.539,49.539,150
385,49.538,49.538,49.538,49.538,101
387,49.54,49.54,49.54,49.54,100
389,49.55,49.55,49.55,49.55,2166
390,49.52,49.55,49.52,49.55,26231
a1428327000,49.86,49.86,49.86,49.86,41664
1,49.74,49.8,49.74,49.8,10388
2,49.75,49.75,49.73,49.75,8090
3,49.77,49.77,49.77,49.77,2200
4,49.83,49.83,49.81,49.81,3678
5,49.83,49.83,49.825,49.825,3700
6,49.86,49.86,49.83,49.83,5098
7,49.86,49.86,49.86,49.86,300
8,49.87,49.88,49.865,49.865,1600
11,49.91,49.91,49.9,49.9,1000
13,49.93,49.93,49.93,49.93,500
15,49.92,49.92,49.92,49.92,300
16,49.915,49.92,49.915,49.92,451
17,49.97,49.97,49.95,49.95,2000
19,50,50,49.97,49.97,1117
20,50.02,50.02,50.02,50.02,100
21,50.019,50.019,50.019,50.019,388
22,50.01,50.01,50.01,50.01,200
23,50,50,50,50,100
24,50,50,50,50,100
25,50,50,50,50,500
27,50.019,50.019,50.019,50.019,1408
29,50.01,50.01,50.01,50.01,600
30,50.02,50.02,50.02,50.02,467
32,50.015,50.015,50,50,500
33,50.03,50.03,50.03,50.03,600
34,50.06,50.06,50.06,50.06,3025
35,50.06,50.06,50.06,50.06,500
36,50.08,50.08,50.08,50.08,300
37,50.1,50.109,50.09,50.09,1231
38,50.09,50.099,50.09,50.099,680
40,50.09,50.09,50.09,50.09,488
41,50.09,50.09,50.09,50.09,100
44,50.09,50.09,50.09,50.09,100
46,50.09,50.09,50.09,50.09,1600
48,50.1,50.1,50.09,50.09,1245
50,50.1,50.1,50.1,50.1,300
51,50.11,50.11,50.11,50.11,310
52,50.14,50.14,50.11,50.11,3099
54,50.18,50.18,50.18,50.18,100
55,50.18,50.18,50.18,50.18,118
57,50.155,50.155,50.155,50.155,400
59,50.169,50.169,50.169,50.169,190
61,50.23,50.23,50.23,50.23,100
62,50.22,50.22,50.22,50.22,200
65,50.2,50.2,50.2,50.2,300
68,50.2,50.209,50.2,50.209,698
74,50.19,50.19,50.19,50.19,500
76,50.19,50.19,50.19,50.19,200
77,50.2,50.2,50.2,50.2,300
80,50.19,50.19,50.19,50.19,600
81,50.195,50.195,50.19,50.19,1000
83,50.21,50.21,50.21,50.21,200
86,50.219,50.219,50.219,50.219,2200
89,50.23,50.23,50.23,50.23,376
90,50.23,50.23,50.23,50.23,500
92,50.25,50.25,50.24,50.24,400
93,50.25,50.27,50.25,50.27,1693
96,50.255,50.255,50.255,50.255,100
97,50.255,50.255,50.255,50.255,200
98,50.25,50.25,50.25,50.25,500
99,50.249,50.249,50.249,50.249,300
102,50.23,50.24,50.23,50.24,1702
108,50.22,50.22,50.22,50.22,195
114,50.225,50.225,50.225,50.225,1350
115,50.235,50.235,50.23,50.23,1069
119,50.23,50.23,50.23,50.23,2607
120,50.239,50.24,50.239,50.24,848
122,50.24,50.24,50.235,50.24,12300
123,50.235,50.235,50.235,50.235,10000
124,50.235,50.235,50.23,50.23,800
126,50.225,50.225,50.225,50.225,100
127,50.23,50.23,50.225,50.225,10000
130,50.24,50.24,50.24,50.24,777
134,50.26,50.26,50.25,50.25,936
135,50.268,50.268,50.268,50.268,100
136,50.27,50.27,50.268,50.268,2033
140,50.27,50.27,50.27,50.27,1000
142,50.24,50.24,50.24,50.24,924
145,50.24,50.245,50.24,50.245,200
147,50.23,50.23,50.23,50.23,1130
148,50.23,50.23,50.23,50.23,600
150,50.245,50.245,50.245,50.245,100
153,50.245,50.245,50.245,50.245,100
156,50.23,50.24,50.23,50.24,1324
158,50.235,50.235,50.235,50.235,100
161,50.23,50.23,50.23,50.23,1000
162,50.24,50.24,50.235,50.235,200
167,50.22,50.23,50.22,50.23,3557
168,50.215,50.215,50.215,50.215,200
169,50.22,50.22,50.22,50.22,900
172,50.255,50.255,50.24,50.24,600
175,50.25,50.25,50.25,50.25,600
176,50.25,50.26,50.25,50.26,1200
177,50.26,50.26,50.26,50.26,1016
183,50.26,50.26,50.26,50.26,4000
192,50.25,50.25,50.25,50.25,1400
193,50.25,50.25,50.25,50.25,1102
198,50.259,50.259,50.259,50.259,1084
200,50.27,50.27,50.27,50.27,4982
201,50.27,50.27,50.27,50.27,1699
205,50.27,50.27,50.27,50.27,901
209,50.275,50.275,50.275,50.275,600
217,50.28,50.28,50.28,50.28,100
218,50.285,50.285,50.285,50.285,2800
224,50.28,50.28,50.28,50.28,2048
226,50.28,50.28,50.28,50.28,600
228,50.27,50.27,50.27,50.27,600
230,50.285,50.285,50.27,50.27,1623
241,50.295,50.295,50.295,50.295,11200
242,50.295,50.295,50.295,50.295,400
243,50.29,50.29,50.29,50.29,200
246,50.275,50.28,50.275,50.28,594
251,50.27,50.27,50.27,50.27,1100
255,50.26,50.26,50.26,50.26,499
259,50.25,50.25,50.25,50.25,200
265,50.24,50.24,50.239,50.239,1000
270,50.235,50.235,50.235,50.235,200
275,50.23,50.23,50.23,50.23,1816
278,50.22,50.22,50.22,50.22,100
280,50.209,50.21,50.209,50.21,675
282,50.209,50.209,50.209,50.209,300
284,50.21,50.21,50.21,50.21,100
289,50.225,50.225,50.225,50.225,2500
294,50.23,50.23,50.23,50.23,100
320,50.239,50.239,50.235,50.235,700
322,50.23,50.235,50.23,50.235,526
330,50.23,50.23,50.23,50.23,357
335,50.21,50.21,50.21,50.21,419
337,50.15,50.205,50.15,50.205,4188
339,50.11,50.11,50.11,50.11,100
340,50.08,50.1,50.08,50.1,2901
343,50.09,50.09,50.09,50.09,307
344,50.115,50.115,50.115,50.115,100
345,50.11,50.11,50.11,50.11,300
346,50.11,50.11,50.11,50.11,433
347,50.09,50.09,50.09,50.09,400
348,50.05,50.06,50.05,50.06,1756
349,50.04,50.04,50.04,50.04,200
350,50.039,50.04,50.039,50.04,594
351,50.069,50.069,50.04,50.04,539
352,50.07,50.07,50.07,50.07,100
353,50.07,50.07,50.06,50.06,1226
355,50.07,50.07,50.07,50.07,200
356,50.07,50.07,50.07,50.07,600
357,50.06,50.06,50.06,50.06,100
360,50.045,50.045,50.045,50.045,400
361,50.05,50.05,50.05,50.05,100
362,50.05,50.05,50.05,50.05,100
364,50.08,50.08,50.065,50.065,1200
366,50.08,50.08,50.08,50.08,406
368,50.078,50.078,50.078,50.078,400
371,50.07,50.07,50.07,50.07,200
373,50.065,50.065,50.065,50.065,200
374,50.075,50.075,50.07,50.07,600
375,50.075,50.075,50.075,50.075,300
377,50.06,50.06,50.06,50.06,500
383,50.06,50.06,50.058,50.06,2342
384,50.065,50.065,50.065,50.065,200
389,50.07,50.07,50.07,50.07,100
390,50.06,50.065,50.06,50.06,5124
a1428413400,50.1,50.18,50.1,50.18,26223
1,50.14,50.15,50.1,50.1,10906
2,50.16,50.16,50.16,50.16,1400
3,50.15,50.15,50.15,50.15,7103
4,50.17,50.17,50.15,50.15,3497
5,50.17,50.17,50.17,50.17,3598
6,50.18,50.18,50.18,50.18,100
7,50.18,50.18,50.18,50.18,500
8,50.18,50.18,50.18,50.18,900
9,50.16,50.16,50.16,50.16,300
10,50.17,50.17,50.17,50.17,300
12,50.18,50.18,50.18,50.18,665
14,50.2,50.2,50.2,50.2,200
15,50.21,50.21,50.21,50.21,1900
17,50.22,50.23,50.22,50.23,555
19,50.215,50.22,50.215,50.22,400
20,50.22,50.22,50.22,50.22,1100
22,50.22,50.22,50.22,50.22,2131
23,50.22,50.22,50.22,50.22,600
24,50.225,50.225,50.225,50.225,100
26,50.23,50.23,50.23,50.23,2345
28,50.23,50.23,50.23,50.23,500
29,50.24,50.24,50.235,50.235,2100
30,50.23,50.23,50.23,50.23,1287
33,50.228,50.228,50.228,50.228,135
37,50.19,50.19,50.19,50.19,100
38,50.21,50.21,50.21,50.21,100
41,50.22,50.22,50.22,50.22,500
42,50.245,50.245,50.245,50.245,1318
43,50.24,50.245,50.24,50.24,1833
44,50.25,50.25,50.25,50.25,100
45,50.26,50.26,50.26,50.26,600
49,50.305,50.305,50.29,50.29,1562
51,50.315,50.315,50.315,50.315,1000
53,50.31,50.31,50.31,50.31,100
54,50.32,50.32,50.32,50.32,600
57,50.3,50.3,50.3,50.3,100
58,50.3,50.3,50.3,50.3,100
61,50.3,50.3,50.29,50.29,2797
62,50.3,50.31,50.3,50.31,700
64,50.32,50.32,50.305,50.305,1776
73,50.29,50.29,50.29,50.29,3000
74,50.285,50.285,50.285,50.285,1070
77,50.325,50.325,50.31,50.31,600
79,50.309,50.309,50.309,50.309,125
82,50.31,50.31,50.31,50.31,200
83,50.32,50.32,50.32,50.32,100
84,50.32,50.32,50.32,50.32,300
88,50.33,50.34,50.33,50.34,846
89,50.32,50.32,50.32,50.32,100
94,50.29,50.29,50.29,50.29,100
104,50.21,50.21,50.21,50.21,273
105,50.23,50.23,50.23,50.23,200
106,50.23,50.23,50.23,50.23,473
107,50.23,50.23,50.23,50.23,200
119,50.18,50.18,50.18,50.18,200
120,50.18,50.18,50.18,50.18,100
121,50.2,50.2,50.2,50.2,100
122,50.205,50.205,50.205,50.205,100
124,50.21,50.21,50.2,50.2,818
126,50.21,50.21,50.21,50.21,200
129,50.17,50.17,50.17,50.17,500
130,50.18,50.18,50.18,50.18,600
133,50.19,50.19,50.19,50.19,100
136,50.19,50.19,50.19,50.19,125
138,50.18,50.18,50.18,50.18,600
140,50.19,50.19,50.19,50.19,500
146,50.23,50.23,50.23,50.23,800
147,50.22,50.22,50.22,50.22,200
149,50.22,50.22,50.22,50.22,500
151,50.235,50.235,50.23,50.23,200
155,50.24,50.24,50.24,50.24,700
158,50.22,50.22,50.22,50.22,100
159,50.22,50.22,50.22,50.22,600
162,50.229,50.229,50.229,50.229,100
163,50.24,50.24,50.23,50.23,401
165,50.23,50.23,50.23,50.23,100
166,50.239,50.239,50.239,50.239,441
167,50.23,50.23,50.23,50.23,600
171,50.23,50.23,50.23,50.23,100
173,50.24,50.24,50.24,50.24,700
181,50.24,50.24,50.24,50.24,300
182,50.24,50.24,50.24,50.24,900
185,50.24,50.24,50.24,50.24,200
186,50.24,50.24,50.239,50.239,525
187,50.24,50.24,50.24,50.24,200
188,50.24,50.24,50.24,50.24,100
195,50.229,50.229,50.229,50.229,2261
198,50.22,50.22,50.22,50.22,600
203,50.22,50.22,50.22,50.22,100
205,50.23,50.23,50.23,50.23,300
208,50.24,50.24,50.24,50.24,100
211,50.23,50.23,50.23,50.23,1998
212,50.239,50.24,50.239,50.24,300
220,50.249,50.249,50.249,50.249,200
221,50.23,50.24,50.23,50.24,800
222,50.23,50.23,50.23,50.23,100
230,50.24,50.24,50.24,50.24,700
238,50.24,50.24,50.24,50.24,900
244,50.23,50.23,50.23,50.23,194
248,50.23,50.23,50.23,50.23,400
249,50.23,50.23,50.23,50.23,300
257,50.219,50.219,50.219,50.219,1500
258,50.21,50.219,50.21,50.219,1730
263,50.195,50.195,50.195,50.195,100
264,50.19,50.19,50.19,50.19,200
266,50.165,50.165,50.165,50.165,590
268,50.17,50.17,50.17,50.17,2100
269,50.179,50.179,50.179,50.179,5974
272,50.18,50.18,50.175,50.175,946
275,50.18,50.18,50.18,50.18,2305
280,50.155,50.155,50.155,50.155,200
281,50.135,50.15,50.135,50.15,1000
283,50.149,50.149,50.149,50.149,1000
287,50.145,50.145,50.145,50.145,200
290,50.15,50.15,50.15,50.15,500
292,50.13,50.14,50.13,50.14,1247
293,50.13,50.13,50.13,50.13,600
294,50.13,50.13,50.13,50.13,1500
301,50.17,50.17,50.17,50.17,800
303,50.169,50.169,50.169,50.169,305
305,50.165,50.165,50.165,50.165,400
308,50.165,50.165,50.165,50.165,200
314,50.175,50.175,50.175,50.175,1100
321,50.165,50.165,50.165,50.165,100
329,50.16,50.16,50.16,50.16,700
330,50.159,50.159,50.159,50.159,298
333,50.155,50.155,50.155,50.155,100
334,50.155,50.155,50.155,50.155,100
337,50.17,50.17,50.17,50.17,1000
338,50.165,50.17,50.165,50.17,481
344,50.165,50.165,50.165,50.165,218
346,50.16,50.16,50.16,50.16,200
352,50.145,50.15,50.145,50.15,700
353,50.135,50.135,50.135,50.135,2647
354,50.12,50.12,50.12,50.12,100
355,50.115,50.12,50.115,50.12,300
361,50.11,50.11,50.11,50.11,370
363,50.125,50.125,50.12,50.12,300
364,50.12,50.12,50.12,50.12,700
366,50.11,50.11,50.11,50.11,100
368,50.08,50.1,50.08,50.1,3300
371,50.06,50.06,50.06,50.06,600
372,50.05,50.05,50.05,50.05,1100
380,50.06,50.06,50.06,50.06,1139
381,50.05,50.05,50.05,50.05,1790
382,50.04,50.04,50.04,50.04,1800
383,50.015,50.03,50.015,50.03,2000
385,50.01,50.01,50.01,50.01,2300
386,50.01,50.01,50.01,50.01,100
390,50,50.025,50,50.025,1532
a1428499800,50.71,50.71,50.71,50.71,31037
1,50.61,50.61,50.57,50.57,400
2,50.61,50.61,50.6,50.61,700
4,50.61,50.62,50.61,50.62,2205
6,50.61,50.61,50.61,50.61,300
7,50.61,50.61,50.61,50.61,700
8,50.6,50.61,50.6,50.61,700
9,50.61,50.61,50.59,50.6,1100
10,50.61,50.61,50.61,50.61,200
11,50.61,50.61,50.61,50.61,600
12,50.61,50.61,50.61,50.61,1775
14,50.61,50.615,50.61,50.61,1800
15,50.62,50.62,50.61,50.61,1500
16,50.63,50.63,50.63,50.63,300
18,50.62,50.62,50.62,50.62,1240
19,50.62,50.62,50.62,50.62,442
20,50.64,50.64,50.63,50.63,600
22,50.65,50.65,50.65,50.65,1800
23,50.65,50.65,50.65,50.65,600
24,50.65,50.65,50.65,50.65,5100
27,50.66,50.66,50.66,50.66,2000
29,50.65,50.65,50.65,50.65,1100
30,50.65,50.65,50.64,50.64,2000
31,50.65,50.66,50.65,50.66,1400
32,50.62,50.64,50.62,50.64,600
34,50.6,50.6,50.6,50.6,900
36,50.6,50.6,50.6,50.6,4570
38,50.56,50.59,50.56,50.59,1000
39,50.57,50.57,50.57,50.57,100
40,50.55,50.55,50.55,50.55,100
44,50.55,50.55,50.55,50.55,952
45,50.53,50.54,50.53,50.54,1434
46,50.5,50.52,50.5,50.52,1091
47,50.5,50.5,50.5,50.5,300
51,50.52,50.52,50.51,50.51,1202
52,50.52,50.52,50.52,50.52,900
53,50.52,50.52,50.52,50.52,340
54,50.51,50.51,50.51,50.51,200
55,50.53,50.53,50.53,50.53,1700
57,50.52,50.52,50.52,50.52,219
58,50.53,50.53,50.53,50.53,600
59,50.54,50.54,50.53,50.53,1300
60,50.54,50.54,50.54,50.54,652
61,50.54,50.54,50.54,50.54,255
62,50.51,50.51,50.51,50.51,400
63,50.49,50.49,50.49,50.49,200
66,50.44,50.44,50.42,50.42,900
71,50.4,50.4,50.4,50.4,577
72,50.35,50.36,50.35,50.36,900
73,50.33,50.33,50.33,50.33,300
74,50.36,50.36,50.34,50.34,679
75,50.37,50.37,50.36,50.36,752
76,50.34,50.34,50.34,50.34,1100
80,50.36,50.36,50.36,50.36,1000
83,50.36,50.36,50.36,50.36,500
84,50.34,50.35,50.34,50.35,4277
85,50.32,50.32,50.32,50.32,416
86,50.32,50.32,50.32,50.32,500
91,50.3,50.3,50.3,50.3,254
93,50.33,50.33,50.32,50.32,800
96,50.33,50.33,50.33,50.33,200
98,50.34,50.34,50.34,50.34,2448
101,50.37,50.37,50.36,50.36,1800
102,50.38,50.38,50.38,50.38,452
104,50.38,50.38,50.38,50.38,100
106,50.4,50.4,50.4,50.4,500
108,50.37,50.37,50.37,50.37,1000
109,50.358,50.358,50.358,50.358,135
110,50.395,50.4,50.39,50.39,2400
112,50.38,50.38,50.38,50.38,410
116,50.38,50.38,50.38,50.38,1100
121,50.37,50.37,50.37,50.37,200
122,50.37,50.37,50.37,50.37,100
124,50.35,50.35,50.35,50.35,500
125,50.37,50.37,50.36,50.36,752
126,50.38,50.38,50.37,50.37,1700
127,50.44,50.44,50.41,50.41,552
129,50.43,50.43,50.43,50.43,100
130,50.44,50.44,50.44,50.44,200
134,50.44,50.44,50.44,50.44,300
135,50.47,50.47,50.47,50.47,300
136,50.48,50.48,50.48,50.48,200
139,50.48,50.48,50.48,50.48,200
141,50.48,50.48,50.48,50.48,1700
143,50.47,50.47,50.47,50.47,100
144,50.46,50.46,50.46,50.46,129
146,50.45,50.45,50.45,50.45,100
155,50.45,50.45,50.45,50.45,200
156,50.45,50.45,50.45,50.45,500
158,50.455,50.455,50.455,50.455,100
160,50.46,50.46,50.46,50.46,372
163,50.45,50.45,50.45,50.45,100
166,50.445,50.445,50.445,50.445,150
167,50.44,50.44,50.44,50.44,768
168,50.44,50.44,50.44,50.44,415
169,50.44,50.44,50.44,50.44,600
170,50.44,50.44,50.44,50.44,152
171,50.44,50.44,50.44,50.44,100
173,50.419,50.419,50.419,50.419,151
174,50.41,50.41,50.41,50.41,100
177,50.4,50.4,50.4,50.4,600
181,50.37,50.37,50.37,50.37,858
184,50.4,50.4,50.4,50.4,200
189,50.39,50.39,50.38,50.39,600
192,50.399,50.399,50.399,50.399,800
193,50.4,50.4,50.4,50.4,300
195,50.39,50.39,50.39,50.39,704
196,50.41,50.41,50.41,50.41,201
198,50.41,50.41,50.41,50.41,200
199,50.41,50.41,50.41,50.41,100
200,50.41,50.41,50.41,50.41,400
203,50.4,50.4,50.4,50.4,200
204,50.4,50.4,50.4,50.4,500
207,50.4,50.4,50.4,50.4,100
208,50.4,50.4,50.4,50.4,100
209,50.4,50.4,50.4,50.4,300
212,50.41,50.41,50.41,50.41,200
215,50.41,50.41,50.41,50.41,316
219,50.42,50.42,50.42,50.42,300
220,50.43,50.43,50.43,50.43,1008
221,50.43,50.43,50.43,50.43,100
224,50.43,50.43,50.43,50.43,2130
226,50.4,50.4,50.4,50.4,400
227,50.39,50.395,50.39,50.395,300
228,50.385,50.385,50.385,50.385,200
229,50.39,50.39,50.39,50.39,400
231,50.41,50.41,50.41,50.41,500
233,50.4,50.4,50.4,50.4,100
237,50.4,50.4,50.4,50.4,200
238,50.41,50.41,50.41,50.41,200
242,50.415,50.415,50.415,50.415,700
246,50.43,50.43,50.43,50.43,100
249,50.42,50.43,50.42,50.43,1100
251,50.42,50.42,50.42,50.42,100
258,50.42,50.42,50.42,50.42,100
259,50.42,50.42,50.42,50.42,526
262,50.43,50.43,50.43,50.43,100
266,50.45,50.45,50.45,50.45,1871
268,50.43,50.43,50.43,50.43,100
270,50.45,50.45,50.44,50.44,1200
271,50.37,50.46,50.36,50.46,2455
272,50.34,50.36,50.34,50.36,1800
273,50.35,50.39,50.35,50.38,1707
274,50.32,50.36,50.32,50.36,3848
275,50.3,50.31,50.3,50.31,1246
276,50.31,50.31,50.31,50.31,300
277,50.32,50.32,50.32,50.32,1600
278,50.26,50.29,50.25,50.29,2609
279,50.25,50.26,50.25,50.26,897
280,50.25,50.25,50.25,50.25,600
281,50.2,50.2,50.2,50.2,3400
282,50.245,50.245,50.21,50.21,1200
283,50.269,50.27,50.26,50.26,1600
284,50.31,50.31,50.28,50.28,1800
285,50.36,50.36,50.3,50.3,4667
287,50.365,50.365,50.365,50.365,100
288,50.42,50.42,50.42,50.42,100
291,50.46,50.46,50.46,50.46,100
292,50.46,50.46,50.46,50.46,200
293,50.43,50.43,50.43,50.43,500
296,50.43,50.44,50.43,50.44,500
297,50.43,50.44,50.43,50.44,500
298,50.43,50.43,50.42,50.42,500
299,50.4,50.42,50.4,50.42,400
301,50.39,50.41,50.39,50.41,600
303,50.38,50.38,50.38,50.38,352
307,50.37,50.37,50.37,50.37,100
308,50.36,50.36,50.36,50.36,700
309,50.36,50.36,50.36,50.36,200
310,50.37,50.37,50.37,50.37,100
311,50.34,50.34,50.34,50.34,383
316,50.37,50.37,50.37,50.37,100
319,50.37,50.37,50.37,50.37,1500
323,50.4,50.4,50.4,50.4,100
325,50.38,50.38,50.38,50.38,1525
331,50.38,50.38,50.38,50.38,300
332,50.37,50.37,50.37,50.37,300
334,50.4,50.4,50.4,50.4,400
337,50.39,50.39,50.39,50.39,500
338,50.385,50.385,50.385,50.385,100
340,50.38,50.38,50.38,50.38,2249
342,50.39,50.39,50.39,50.39,1000
343,50.38,50.38,50.38,50.38,3500
344,50.36,50.37,50.36,50.37,1961
345,50.35,50.35,50.35,50.35,600
346,50.36,50.36,50.345,50.345,480
347,50.33,50.33,50.33,50.33,100
348,50.32,50.33,50.32,50.33,400
349,50.32,50.32,50.32,50.32,900
350,50.33,50.33,50.33,50.33,700
351,50.34,50.34,50.34,50.34,100
352,50.34,50.34,50.34,50.34,600
354,50.34,50.34,50.34,50.34,100
355,50.33,50.33,50.33,50.33,275
357,50.34,50.34,50.34,50.34,417
361,50.35,50.35,50.35,50.35,500
362,50.34,50.35,50.34,50.35,459
363,50.35,50.35,50.35,50.35,700
364,50.35,50.35,50.35,50.35,500
365,50.34,50.34,50.34,50.34,500
366,50.36,50.36,50.36,50.36,800
368,50.37,50.37,50.37,50.37,300
371,50.37,50.39,50.37,50.38,863
372,50.38,50.38,50.38,50.38,600
373,50.395,50.4,50.395,50.4,300
374,50.39,50.39,50.39,50.39,200
376,50.39,50.39,50.39,50.39,200
377,50.38,50.39,50.38,50.39,600
380,50.37,50.37,50.37,50.37,695
382,50.37,50.37,50.37,50.37,1375
384,50.38,50.38,50.38,50.38,100
386,50.38,50.38,50.38,50.38,200
387,50.36,50.36,50.36,50.36,300
388,50.37,50.37,50.37,50.37,300
389,50.369,50.369,50.369,50.369,1117
390,50.39,50.39,50.375,50.375,998
a1428586200,50.54,50.54,50.54,50.54,13146
1,50.55,50.55,50.55,50.55,2700
2,50.51,50.53,50.51,50.53,429
4,50.54,50.54,50.54,50.54,1600
5,50.56,50.56,50.56,50.56,812
6,50.57,50.57,50.57,50.57,1000
7,50.56,50.56,50.56,50.56,1100
8,50.55,50.56,50.55,50.56,1000
9,50.55,50.55,50.55,50.55,1600
10,50.56,50.565,50.55,50.55,3300
11,50.54,50.56,50.54,50.56,2572
12,50.54,50.54,50.54,50.54,900
13,50.54,50.54,50.54,50.54,4200
14,50.53,50.53,50.53,50.53,200
15,50.52,50.53,50.52,50.53,600
16,50.53,50.53,50.52,50.52,2400
17,50.54,50.54,50.54,50.54,200
18,50.55,50.55,50.55,50.55,200
20,50.55,50.55,50.55,50.55,100
21,50.51,50.53,50.51,50.53,300
22,50.51,50.52,50.51,50.51,5476
23,50.49,50.5,50.49,50.5,700
24,50.48,50.505,50.48,50.5,6700
25,50.49,50.49,50.48,50.48,400
26,50.49,50.49,50.49,50.49,1400
27,50.509,50.51,50.5,50.5,1100
28,50.52,50.52,50.52,50.52,646
29,50.52,50.52,50.52,50.52,500
30,50.52,50.52,50.52,50.52,1369
33,50.53,50.53,50.53,50.53,600
34,50.54,50.54,50.54,50.54,300
35,50.55,50.55,50.55,50.55,300
36,50.51,50.55,50.51,50.55,500
37,50.51,50.51,50.51,50.51,200
39,50.52,50.52,50.52,50.52,1200
40,50.52,50.52,50.52,50.52,740
41,50.52,50.52,50.51,50.52,860
42,50.53,50.53,50.53,50.53,1412
43,50.53,50.53,50.53,50.53,600
44,50.52,50.52,50.52,50.52,100
46,50.5,50.51,50.5,50.51,800
48,50.48,50.48,50.48,50.48,500
52,50.45,50.45,50.45,50.45,900
53,50.49,50.49,50.48,50.48,1200
54,50.49,50.49,50.49,50.49,600
56,50.49,50.49,50.48,50.48,400
57,50.48,50.49,50.48,50.49,475
58,50.48,50.48,50.48,50.48,200
59,50.51,50.51,50.5,50.5,1600
60,50.5,50.51,50.5,50.51,982
62,50.49,50.49,50.49,50.49,500
63,50.47,50.47,50.47,50.47,1600
67,50.42,50.45,50.42,50.45,5968
68,50.43,50.43,50.42,50.42,1802
70,50.45,50.45,50.44,50.44,1000
71,50.45,50.46,50.45,50.46,1200
72,50.43,50.44,50.425,50.44,4119
73,50.4,50.42,50.4,50.42,930
74,50.42,50.42,50.4,50.4,800
75,50.42,50.42,50.42,50.42,700
76,50.41,50.41,50.41,50.41,100
77,50.39,50.39,50.39,50.39,327
78,50.39,50.39,50.39,50.39,600
79,50.4,50.4,50.39,50.4,700
80,50.41,50.41,50.41,50.41,678
81,50.41,50.41,50.41,50.41,1500
83,50.39,50.4,50.39,50.4,200
84,50.4,50.4,50.4,50.4,500
85,50.4,50.4,50.4,50.4,100
86,50.39,50.39,50.39,50.39,100
87,50.39,50.39,50.39,50.39,900
88,50.39,50.4,50.39,50.4,630
90,50.41,50.41,50.4,50.4,981
91,50.4,50.4,50.4,50.4,300
92,50.39,50.4,50.39,50.4,200
93,50.4,50.41,50.4,50.41,1000
94,50.425,50.425,50.42,50.42,1844
96,50.39,50.4,50.39,50.4,458
99,50.39,50.39,50.39,50.39,100
100,50.4,50.4,50.4,50.4,600
102,50.41,50.41,50.41,50.41,3700
103,50.41,50.41,50.41,50.41,500
104,50.4,50.41,50.4,50.41,812
106,50.37,50.41,50.37,50.41,901
108,50.38,50.38,50.38,50.38,300
109,50.37,50.37,50.37,50.37,200
110,50.38,50.38,50.375,50.375,400
111,50.37,50.38,50.37,50.38,200
112,50.36,50.36,50.36,50.36,115
113,50.37,50.37,50.37,50.37,2100
115,50.41,50.41,50.41,50.41,2900
116,50.41,50.41,50.41,50.41,500
117,50.4,50.405,50.4,50.4,6400
121,50.44,50.44,50.44,50.44,100
122,50.47,50.47,50.46,50.46,9294
124,50.465,50.465,50.465,50.465,100
125,50.49,50.49,50.49,50.49,1330
131,50.48,50.48,50.48,50.48,130
137,50.49,50.49,50.49,50.49,100
138,50.48,50.48,50.48,50.48,700
140,50.48,50.48,50.48,50.48,100
141,50.48,50.48,50.48,50.48,2900
145,50.48,50.48,50.48,50.48,1902
147,50.48,50.48,50.48,50.48,5005
149,50.49,50.49,50.49,50.49,1800
150,50.49,50.49,50.49,50.49,3000
152,50.49,50.49,50.49,50.49,600
153,50.49,50.49,50.49,50.49,600
155,50.49,50.49,50.49,50.49,333
165,50.5,50.5,50.5,50.5,200
166,50.5,50.5,50.5,50.5,730
168,50.5,50.5,50.495,50.495,500
170,50.495,50.495,50.495,50.495,100
172,50.51,50.51,50.51,50.51,200
175,50.53,50.53,50.53,50.53,100
176,50.55,50.55,50.55,50.55,500
177,50.56,50.56,50.56,50.56,500
180,50.56,50.56,50.56,50.56,600
182,50.54,50.54,50.54,50.54,500
183,50.54,50.54,50.54,50.54,300
192,50.53,50.53,50.53,50.53,500
193,50.53,50.53,50.53,50.53,100
194,50.52,50.52,50.52,50.52,800
196,50.51,50.51,50.51,50.51,2394
200,50.52,50.52,50.51,50.51,2730
202,50.53,50.53,50.53,50.53,600
203,50.53,50.53,50.53,50.53,100
204,50.54,50.54,50.54,50.54,500
205,50.55,50.55,50.55,50.55,400
208,50.559,50.559,50.559,50.559,100
209,50.55,50.55,50.55,50.55,464
210,50.56,50.56,50.56,50.56,1700
212,50.53,50.56,50.53,50.56,1717
213,50.51,50.52,50.51,50.52,19070
215,50.51,50.51,50.51,50.51,805
216,50.5,50.5,50.5,50.5,1375
218,50.5,50.5,50.5,50.5,100
220,50.51,50.51,50.51,50.51,500
221,50.52,50.52,50.52,50.52,700
222,50.5,50.5,50.5,50.5,100
231,50.52,50.52,50.52,50.52,500
234,50.53,50.53,50.53,50.53,500
239,50.54,50.54,50.54,50.54,100
241,50.525,50.525,50.52,50.52,200
245,50.525,50.525,50.525,50.525,400
247,50.525,50.525,50.525,50.525,600
248,50.51,50.525,50.51,50.525,2378
249,50.505,50.505,50.505,50.505,1200
251,50.5,50.5,50.5,50.5,1100
252,50.5,50.505,50.5,50.5,4522
256,50.52,50.52,50.51,50.51,400
261,50.52,50.525,50.52,50.525,4400
264,50.52,50.52,50.52,50.52,500
265,50.51,50.51,50.51,50.51,900
266,50.51,50.51,50.51,50.51,100
270,50.49,50.49,50.49,50.49,545
271,50.49,50.49,50.49,50.49,100
272,50.49,50.49,50.49,50.49,1000
275,50.495,50.495,50.495,50.495,200
279,50.495,50.495,50.495,50.495,100
281,50.5,50.5,50.5,50.5,2100
282,50.5,50.5,50.5,50.5,600
284,50.51,50.51,50.51,50.51,1100
286,50.51,50.51,50.51,50.51,600
291,50.52,50.525,50.52,50.525,1300
292,50.51,50.51,50.51,50.51,1050
293,50.49,50.5,50.49,50.5,2900
298,50.5,50.5,50.5,50.5,1700
299,50.49,50.49,50.49,50.49,1592
301,50.49,50.49,50.49,50.49,320
302,50.495,50.495,50.495,50.495,100
306,50.5,50.5,50.5,50.5,1204
313,50.52,50.52,50.52,50.52,2200
315,50.51,50.51,50.51,50.51,500
316,50.51,50.51,50.51,50.51,500
318,50.51,50.51,50.51,50.51,100
322,50.51,50.51,50.51,50.51,800
327,50.53,50.53,50.53,50.53,630
328,50.535,50.535,50.535,50.535,800
329,50.54,50.545,50.54,50.545,2123
330,50.54,50.54,50.54,50.54,1088
332,50.55,50.55,50.55,50.55,600
334,50.555,50.555,50.555,50.555,100
336,50.57,50.57,50.57,50.57,3400
337,50.56,50.56,50.56,50.56,863
341,50.55,50.55,50.55,50.55,900
342,50.55,50.55,50.55,50.55,1200
344,50.6,50.6,50.57,50.57,4705
345,50.6,50.6,50.6,50.6,1900
346,50.59,50.6,50.59,50.6,200
351,50.599,50.599,50.599,50.599,1100
352,50.58,50.58,50.58,50.58,1400
354,50.58,50.58,50.58,50.58,3800
355,50.58,50.58,50.58,50.58,169
356,50.58,50.58,50.58,50.58,500
357,50.57,50.57,50.57,50.57,250
361,50.59,50.59,50.59,50.59,700
362,50.59,50.59,50.59,50.59,200
363,50.58,50.58,50.58,50.58,3600
364,50.58,50.58,50.58,50.58,1188
367,50.57,50.57,50.57,50.57,200
368,50.57,50.57,50.57,50.57,400
370,50.57,50.57,50.57,50.57,200
371,50.58,50.58,50.58,50.58,400
372,50.575,50.58,50.575,50.58,2100
373,50.58,50.58,50.58,50.58,460
375,50.58,50.585,50.58,50.585,900
376,50.58,50.58,50.575,50.575,600
377,50.57,50.585,50.57,50.585,28210
378,50.56,50.565,50.56,50.565,600
379,50.565,50.565,50.565,50.565,900
380,50.56,50.565,50.56,50.565,1835
381,50.57,50.57,50.56,50.56,2500
382,50.57,50.57,50.57,50.57,3502
383,50.57,50.57,50.57,50.57,500
385,50.58,50.58,50.58,50.58,4836
387,50.58,50.585,50.58,50.585,6830
388,50.59,50.59,50.59,50.59,2330
389,50.6,50.6,50.6,50.6,2514
390,50.59,50.6,50.59,50.6,4084
a1428672600,50.47,50.47,50.47,50.47,12194
1,50.47,50.47,50.45,50.46,2275
3,50.52,50.53,50.5,50.5,1920
4,50.48,50.48,50.48,50.48,600
11,50.47,50.48,50.47,50.48,1000
12,50.46,50.46,50.46,50.46,300
14,50.48,50.48,50.48,50.48,300
15,50.48,50.48,50.48,50.48,100
16,50.47,50.48,50.47,50.48,600
17,50.5,50.5,50.47,50.47,700
18,50.51,50.51,50.5,50.5,6910
19,50.51,50.51,50.51,50.51,500
20,50.52,50.52,50.51,50.51,600
21,50.52,50.52,50.52,50.52,428
23,50.52,50.52,50.52,50.52,100
24,50.5,50.5,50.5,50.5,500
25,50.5,50.5,50.5,50.5,100
26,50.5,50.5,50.49,50.49,1200
28,50.49,50.49,50.49,50.49,800
29,50.5,50.5,50.49,50.49,800
30,50.48,50.48,50.48,50.48,300
31,50.49,50.49,50.49,50.49,200
32,50.49,50.49,50.48,50.48,844
33,50.5,50.5,50.49,50.49,1000
37,50.5,50.5,50.5,50.5,500
38,50.51,50.51,50.51,50.51,500
40,50.54,50.54,50.54,50.54,600
42,50.51,50.51,50.51,50.51,400
43,50.505,50.505,50.505,50.505,100
44,50.51,50.51,50.51,50.51,100
45,50.51,50.51,50.51,50.51,500
47,50.51,50.51,50.51,50.51,100
48,50.51,50.51,50.51,50.51,100
50,50.49,50.5,50.49,50.5,600
51,50.5,50.5,50.5,50.5,200
53,50.51,50.51,50.51,50.51,300
54,50.51,50.51,50.51,50.51,900
60,50.48,50.48,50.48,50.48,530
61,50.48,50.48,50.475,50.475,300
62,50.48,50.48,50.48,50.48,900
63,50.49,50.49,50.49,50.49,500
64,50.5,50.5,50.5,50.5,300
65,50.49,50.49,50.49,50.49,200
66,50.5,50.5,50.5,50.5,100
68,50.53,50.53,50.52,50.52,300
69,50.52,50.52,50.52,50.52,100
71,50.53,50.53,50.52,50.52,300
72,50.53,50.53,50.53,50.53,1000
73,50.53,50.53,50.53,50.53,400
74,50.53,50.53,50.53,50.53,500
76,50.53,50.53,50.53,50.53,200
78,50.52,50.52,50.52,50.52,100
79,50.515,50.515,50.515,50.515,200
80,50.53,50.53,50.52,50.52,767
82,50.55,50.55,50.55,50.55,600
84,50.55,50.55,50.55,50.55,600
85,50.54,50.54,50.54,50.54,500
87,50.55,50.55,50.55,50.55,600
88,50.56,50.56,50.56,50.56,300
93,50.53,50.53,50.53,50.53,200
95,50.54,50.54,50.54,50.54,200
96,50.535,50.535,50.535,50.535,787
98,50.53,50.53,50.53,50.53,300
100,50.53,50.53,50.53,50.53,100
102,50.528,50.528,50.528,50.528,100
109,50.55,50.55,50.548,50.55,1400
110,50.54,50.54,50.54,50.54,470
112,50.55,50.55,50.55,50.55,600
115,50.56,50.56,50.56,50.56,130
116,50.589,50.589,50.58,50.58,990
117,50.6,50.6,50.6,50.6,100
119,50.61,50.61,50.61,50.61,600
120,50.6,50.61,50.6,50.61,430
121,50.59,50.59,50.59,50.59,100
124,50.58,50.58,50.58,50.58,300
125,50.59,50.59,50.59,50.59,600
128,50.589,50.589,50.588,50.588,3700
131,50.598,50.599,50.59,50.599,4234
133,50.6,50.6,50.6,50.6,100
138,50.6,50.6,50.6,50.6,100
141,50.56,50.57,50.56,50.57,1122
144,50.56,50.56,50.56,50.56,100
147,50.56,50.56,50.56,50.56,2700
152,50.57,50.57,50.57,50.57,2430
153,50.57,50.57,50.57,50.57,955
156,50.56,50.56,50.56,50.56,3202
159,50.57,50.57,50.57,50.57,300
160,50.57,50.57,50.57,50.57,300
162,50.588,50.588,50.58,50.58,1568
165,50.58,50.58,50.58,50.58,100
166,50.58,50.589,50.58,50.588,1375
170,50.58,50.58,50.58,50.58,500
176,50.565,50.565,50.565,50.565,400
178,50.56,50.56,50.56,50.56,1021
179,50.559,50.559,50.559,50.559,480
182,50.559,50.559,50.558,50.558,200
187,50.57,50.57,50.57,50.57,700
188,50.58,50.58,50.58,50.58,200
189,50.58,50.58,50.58,50.58,200
192,50.575,50.575,50.575,50.575,200
194,50.578,50.578,50.578,50.578,200
196,50.58,50.58,50.58,50.58,600
197,50.59,50.59,50.59,50.59,275
199,50.58,50.58,50.58,50.58,400
202,50.57,50.57,50.57,50.57,600
204,50.579,50.579,50.57,50.57,5200
205,50.575,50.575,50.575,50.575,200
207,50.57,50.57,50.57,50.57,2800
208,50.575,50.575,50.575,50.575,200
210,50.58,50.58,50.58,50.58,200
214,50.59,50.59,50.585,50.585,506
216,50.599,50.599,50.599,50.599,100
219,50.595,50.595,50.595,50.595,900
221,50.599,50.6,50.599,50.6,7200
222,50.6,50.6,50.6,50.6,1500
225,50.6,50.6,50.6,50.6,200
228,50.589,50.59,50.585,50.59,789
231,50.579,50.579,50.57,50.57,900
232,50.575,50.575,50.575,50.575,500
235,50.578,50.578,50.578,50.578,150
237,50.568,50.57,50.568,50.57,1033
246,50.58,50.58,50.57,50.57,1032
248,50.59,50.59,50.585,50.585,662
254,50.595,50.595,50.595,50.595,100
256,50.605,50.61,50.595,50.595,10743
267,50.62,50.62,50.62,50.62,1533
274,50.628,50.628,50.628,50.628,100
278,50.625,50.625,50.618,50.618,400
279,50.61,50.61,50.61,50.61,1930
280,50.62,50.62,50.619,50.619,1300
283,50.615,50.615,50.615,50.615,300
284,50.62,50.62,50.62,50.62,1118
285,50.63,50.63,50.63,50.63,100
287,50.639,50.639,50.639,50.639,138
288,50.635,50.635,50.635,50.635,200
291,50.63,50.63,50.63,50.63,970
293,50.619,50.619,50.619,50.619,140
294,50.605,50.605,50.605,50.605,115
295,50.6,50.6,50.6,50.6,428
296,50.599,50.599,50.599,50.599,573
301,50.6,50.6,50.6,50.6,2200
303,50.6,50.6,50.6,50.6,1200
308,50.615,50.615,50.61,50.61,34888
309,50.61,50.61,50.61,50.61,146
310,50.61,50.615,50.608,50.608,698
312,50.61,50.61,50.61,50.61,200
313,50.619,50.619,50.619,50.619,800
317,50.63,50.63,50.63,50.63,200
318,50.639,50.639,50.638,50.638,494
321,50.64,50.64,50.64,50.64,100
322,50.64,50.64,50.635,50.635,800
326,50.655,50.655,50.655,50.655,100
333,50.659,50.659,50.655,50.655,1780
335,50.65,50.65,50.65,50.65,1600
341,50.645,50.645,50.645,50.645,300
342,50.65,50.65,50.65,50.65,1200
347,50.63,50.64,50.63,50.64,1600
352,50.625,50.625,50.625,50.625,100
353,50.63,50.63,50.63,50.63,300
355,50.639,50.639,50.635,50.635,4606
359,50.639,50.639,50.639,50.639,290
360,50.645,50.645,50.645,50.645,100
361,50.645,50.645,50.645,50.645,980
362,50.645,50.645,50.645,50.645,155
363,50.64,50.64,50.64,50.64,100
365,50.65,50.65,50.65,50.65,1068
366,50.655,50.655,50.65,50.65,1700
369,50.65,50.65,50.65,50.65,100
371,50.665,50.665,50.66,50.66,900
374,50.66,50.66,50.66,50.66,285
376,50.669,50.67,50.665,50.665,6828
377,50.67,50.67,50.67,50.67,600
378,50.67,50.67,50.67,50.67,1600
379,50.665,50.665,50.665,50.665,1000
381,50.66,50.66,50.66,50.66,2100
382,50.66,50.66,50.66,50.66,100
383,50.66,50.66,50.66,50.66,100
384,50.66,50.66,50.66,50.66,100
385,50.66,50.66,50.66,50.66,100
386,50.66,50.66,50.66,50.66,100
387,50.66,50.66,50.66,50.66,200
388,50.665,50.665,50.665,50.665,200
390,50.68,50.68,50.66,50.665,5232
a1428931800,50.6,50.61,50.6,50.61,31534
1,50.59,50.6,50.59,50.6,1400
2,50.62,50.62,50.599,50.599,2010
4,50.62,50.62,50.6,50.6,1100
5,50.63,50.63,50.62,50.63,1500
7,50.62,50.62,50.62,50.62,100
12,50.63,50.63,50.63,50.63,200
13,50.65,50.65,50.65,50.65,1287
15,50.66,50.66,50.66,50.66,600
16,50.67,50.67,50.67,50.67,200
17,50.67,50.67,50.67,50.67,114
19,50.65,50.65,50.65,50.65,400
20,50.65,50.65,50.65,50.65,205
22,50.64,50.64,50.64,50.64,300
24,50.64,50.64,50.64,50.64,899
25,50.65,50.65,50.645,50.645,5681
26,50.64,50.65,50.64,50.65,400
27,50.639,50.639,50.639,50.639,200
32,50.65,50.65,50.65,50.65,1400
42,50.62,50.62,50.62,50.62,1400
45,50.6,50.6,50.6,50.6,992
47,50.61,50.61,50.61,50.61,500
48,50.59,50.59,50.59,50.59,269
51,50.58,50.58,50.58,50.58,103
52,50.6,50.6,50.59,50.59,1040
53,50.59,50.59,50.59,50.59,700
54,50.6,50.6,50.6,50.6,1000
55,50.6,50.6,50.6,50.6,300
56,50.59,50.59,50.59,50.59,200
57,50.59,50.59,50.59,50.59,100
60,50.6,50.6,50.6,50.6,500
61,50.6,50.6,50.595,50.595,700
62,50.6,50.6,50.6,50.6,500
63,50.6,50.6,50.6,50.6,4154
64,50.605,50.605,50.605,50.605,100
66,50.6,50.6,50.6,50.6,700
68,50.6,50.6,50.6,50.6,500
69,50.59,50.59,50.59,50.59,300
73,50.57,50.57,50.57,50.57,100
80,50.55,50.55,50.55,50.55,400
81,50.53,50.535,50.53,50.535,1639
85,50.51,50.51,50.51,50.51,100
86,50.52,50.52,50.518,50.518,1000
87,50.53,50.53,50.53,50.53,100
90,50.52,50.52,50.52,50.52,100
93,50.53,50.53,50.53,50.53,200
99,50.53,50.53,50.53,50.53,500
100,50.54,50.54,50.54,50.54,300
101,50.54,50.55,50.54,50.54,7152
102,50.52,50.535,50.52,50.535,700
103,50.52,50.52,50.52,50.52,100
110,50.55,50.55,50.55,50.55,400
111,50.56,50.56,50.549,50.549,7136
113,50.555,50.555,50.555,50.555,100
117,50.58,50.58,50.58,50.58,2852
119,50.58,50.58,50.58,50.58,2500
120,50.57,50.57,50.57,50.57,303
123,50.575,50.575,50.575,50.575,175
128,50.6,50.6,50.6,50.6,300
132,50.579,50.58,50.579,50.58,920
135,50.579,50.579,50.579,50.579,190
136,50.585,50.585,50.58,50.58,11600
137,50.59,50.595,50.585,50.585,53045
139,50.585,50.585,50.585,50.585,25000
143,50.56,50.57,50.56,50.57,799
144,50.55,50.55,50.55,50.55,200
148,50.55,50.55,50.55,50.55,1617
149,50.55,50.55,50.55,50.55,2748
150,50.55,50.55,50.55,50.55,700
151,50.55,50.55,50.55,50.55,200
153,50.565,50.565,50.565,50.565,105
155,50.56,50.56,50.56,50.56,460
161,50.55,50.55,50.55,50.55,1000
162,50.54,50.54,50.54,50.54,244
163,50.54,50.54,50.54,50.54,300
164,50.54,50.54,50.54,50.54,100
166,50.55,50.55,50.55,50.55,236
173,50.565,50.565,50.565,50.565,100
177,50.54,50.54,50.54,50.54,200
179,50.55,50.55,50.55,50.55,200
183,50.56,50.56,50.56,50.56,100
186,50.555,50.555,50.555,50.555,100
190,50.555,50.555,50.555,50.555,100
191,50.56,50.56,50.56,50.56,888
192,50.56,50.56,50.56,50.56,100
195,50.55,50.55,50.55,50.55,100
202,50.55,50.56,50.55,50.56,652
210,50.545,50.545,50.54,50.54,300
217,50.525,50.525,50.525,50.525,100
218,50.52,50.52,50.52,50.52,1152
220,50.5,50.5,50.5,50.5,800
222,50.47,50.48,50.47,50.48,600
224,50.47,50.47,50.47,50.47,100
225,50.485,50.485,50.475,50.475,200
232,50.47,50.47,50.465,50.465,928
234,50.46,50.47,50.46,50.47,1052
235,50.445,50.45,50.445,50.45,400
238,50.42,50.43,50.42,50.43,1381
239,50.415,50.415,50.415,50.415,944
243,50.415,50.415,50.415,50.415,200
244,50.42,50.42,50.42,50.42,100
248,50.42,50.42,50.42,50.42,195
250,50.425,50.425,50.425,50.425,100
251,50.43,50.43,50.43,50.43,500
254,50.4,50.405,50.4,50.405,490
255,50.399,50.405,50.399,50.405,894
256,50.405,50.415,50.405,50.415,400
257,50.395,50.4,50.395,50.4,500
258,50.4,50.4,50.4,50.4,554
265,50.385,50.385,50.385,50.385,200
268,50.395,50.395,50.395,50.395,100
269,50.39,50.39,50.39,50.39,651
270,50.41,50.41,50.41,50.41,100
272,50.42,50.42,50.42,50.42,400
275,50.43,50.43,50.43,50.43,100
276,50.44,50.44,50.44,50.44,1132
278,50.43,50.43,50.43,50.43,100
287,50.43,50.43,50.43,50.43,100
290,50.43,50.43,50.43,50.43,100
297,50.42,50.42,50.42,50.42,500
301,50.42,50.42,50.42,50.42,600
303,50.42,50.42,50.42,50.42,100
305,50.41,50.41,50.41,50.41,1600
306,50.415,50.415,50.415,50.415,1319
309,50.42,50.42,50.42,50.42,200
312,50.435,50.435,50.435,50.435,100
313,50.435,50.435,50.435,50.435,100
316,50.435,50.435,50.435,50.435,100
319,50.41,50.43,50.41,50.43,2359
322,50.38,50.4,50.38,50.4,999
323,50.39,50.39,50.39,50.39,100
326,50.41,50.41,50.41,50.41,2500
331,50.39,50.39,50.39,50.39,200
334,50.39,50.39,50.39,50.39,100
337,50.39,50.39,50.39,50.39,867
338,50.41,50.41,50.41,50.41,200
344,50.41,50.41,50.41,50.41,100
345,50.41,50.41,50.41,50.41,100
346,50.415,50.415,50.415,50.415,100
348,50.4,50.41,50.4,50.41,625
349,50.4,50.4,50.4,50.4,203
350,50.399,50.399,50.399,50.399,790
351,50.4,50.4,50.4,50.4,100
353,50.395,50.395,50.395,50.395,200
354,50.38,50.38,50.38,50.38,200
355,50.38,50.38,50.38,50.38,100
356,50.38,50.38,50.38,50.38,300
357,50.37,50.375,50.37,50.375,500
358,50.37,50.37,50.36,50.36,2200
360,50.37,50.37,50.37,50.37,2596
361,50.37,50.37,50.365,50.365,200
363,50.38,50.38,50.38,50.38,200
365,50.385,50.385,50.38,50.38,904
366,50.38,50.38,50.38,50.38,100
367,50.385,50.385,50.385,50.385,100
369,50.395,50.395,50.39,50.39,7400
371,50.395,50.395,50.395,50.395,100
372,50.4,50.405,50.4,50.405,3587
376,50.4,50.41,50.4,50.41,2239
377,50.4,50.4,50.4,50.4,500
378,50.4,50.4,50.4,50.4,692
380,50.4,50.405,50.4,50.405,351
381,50.39,50.39,50.39,50.39,5894
382,50.38,50.38,50.38,50.38,400
383,50.38,50.38,50.38,50.38,590
385,50.385,50.385,50.385,50.385,100
386,50.389,50.389,50.388,50.388,795
387,50.385,50.389,50.385,50.389,1682
388,50.38,50.38,50.38,50.38,990
389,50.38,50.38,50.38,50.38,200
390,50.39,50.41,50.39,50.4,4676
