EXCHANGE%3DNYSEARCA
MARKET_OPEN_MINUTE=570
MARKET_CLOSE_MINUTE=960
INTERVAL=60
COLUMNS=DATE,CLOSE,HIGH,LOW,OPEN,VOLUME
DATA=
TIMEZONE_OFFSET=-300
a1424961000,49.61,49.61,49.61,49.61,17562
1,49.66,49.66,49.66,49.66,1707
4,49.64,49.64,49.64,49.64,517
6,49.63,49.63,49.63,49.63,500
10,49.65,49.65,49.65,49.65,792
15,49.69,49.69,49.67,49.67,1706
16,49.68,49.68,49.68,49.68,200
18,49.66,49.66,49.66,49.66,952
20,49.64,49.64,49.64,49.64,500
24,49.645,49.65,49.64,49.64,1617
25,49.63,49.64,49.63,49.64,200
26,49.63,49.63,49.63,49.63,481
27,49.61,49.61,49.61,49.61,100
30,49.575,49.575,49.575,49.575,200
31,49.58,49.58,49.58,49.58,700
32,49.56,49.57,49.56,49.57,700
36,49.59,49.59,49.59,49.59,392
37,49.59,49.59,49.59,49.59,400
48,49.57,49.57,49.57,49.57,100
49,49.58,49.58,49.58,49.58,1300
50,49.57,49.57,49.57,49.57,200
56,49.58,49.58,49.58,49.58,660
58,49.57,49.57,49.57,49.57,2007
61,49.56,49.56,49.56,49.56,100
62,49.55,49.55,49.55,49.55,1126
64,49.56,49.56,49.56,49.56,100
66,49.588,49.588,49.588,49.588,200
68,49.598,49.598,49.598,49.598,197
71,49.601,49.609,49.601,49.609,1870
72,49.62,49.625,49.619,49.619,2500
73,49.61,49.61,49.61,49.61,1500
75,49.62,49.62,49.62,49.62,200
79,49.61,49.61,49.61,49.61,400
83,49.61,49.61,49.6,49.6,800
86,49.6,49.6,49.6,49.6,100
89,49.62,49.62,49.62,49.62,416
95,49.64,49.64,49.64,49.64,100
97,49.65,49.65,49.645,49.645,900
98,49.66,49.66,49.66,49.66,400
102,49.67,49.67,49.67,49.67,200
106,49.675,49.675,49.675,49.675,470
108,49.66,49.66,49.66,49.66,100
109,49.67,49.67,49.67,49.67,600
110,49.67,49.67,49.67,49.67,100
114,49.65,49.65,49.65,49.65,421
115,49.65,49.65,49.65,49.65,100
118,49.65,49.65,49.65,49.65,2804
123,49.66,49.66,49.66,49.66,100
126,49.67,49.67,49.67,49.67,277
129,49.68,49.68,49.68,49.68,482
130,49.67,49.67,49.67,49.67,718
132,49.67,49.67,49.67,49.67,600
135,49.67,49.67,49.67,49.67,142
136,49.67,49.67,49.67,49.67,500
143,49.66,49.66,49.66,49.66,494
145,49.685,49.685,49.685,49.685,100
146,49.68,49.68,49.68,49.68,765
150,49.655,49.655,49.655,49.655,250
160,49.65,49.65,49.65,49.65,700
161,49.65,49.65,49.65,49.65,500
162,49.64,49.65,49.64,49.65,1062
164,49.64,49.64,49.64,49.64,368
167,49.625,49.625,49.625,49.625,2100
168,49.625,49.625,49.625,49.625,242
169,49.62,49.63,49.62,49.63,889
177,49.615,49.615,49.615,49.615,700
179,49.615,49.615,49.615,49.615,430
180,49.615,49.615,49.615,49.615,100
186,49.61,49.61,49.61,49.61,500
187,49.61,49.61,49.61,49.61,1000
190,49.61,49.61,49.61,49.61,100
197,49.615,49.615,49.615,49.615,100
198,49.63,49.63,49.63,49.63,200
201,49.625,49.625,49.625,49.625,100
205,49.62,49.62,49.62,49.62,1006
207,49.615,49.615,49.615,49.615,505
211,49.62,49.62,49.62,49.62,800
212,49.61,49.61,49.61,49.61,795
216,49.6,49.61,49.6,49.61,700
217,49.599,49.599,49.599,49.599,2614
220,49.6,49.605,49.6,49.605,759
226,49.62,49.625,49.619,49.619,7315
229,49.62,49.62,49.62,49.62,200
231,49.58,49.6,49.58,49.6,1500
233,49.57,49.57,49.57,49.57,200
236,49.58,49.58,49.58,49.58,200
237,49.58,49.58,49.58,49.58,200
238,49.589,49.59,49.589,49.59,1400
240,49.59,49.59,49.59,49.59,200
242,49.599,49.599,49.598,49.598,13286
244,49.59,49.59,49.59,49.59,200
245,49.6,49.6,49.6,49.6,200
249,49.6,49.6,49.6,49.6,200
250,49.6,49.6,49.6,49.6,500
251,49.6,49.6,49.6,49.6,500
254,49.598,49.598,49.598,49.598,127
258,49.599,49.599,49.599,49.599,700
260,49.585,49.59,49.585,49.59,800
262,49.595,49.595,49.595,49.595,100
265,49.599,49.599,49.599,49.599,4329
267,49.6,49.6,49.6,49.6,200
271,49.61,49.61,49.61,49.61,600
274,49.61,49.61,49.61,49.61,200
275,49.61,49.61,49.61,49.61,100
277,49.575,49.6,49.575,49.6,1300
278,49.589,49.589,49.589,49.589,7382
279,49.59,49.59,49.589,49.589,781
283,49.575,49.575,49.575,49.575,304
284,49.59,49.59,49.58,49.58,3047
285,49.585,49.585,49.585,49.585,200
288,49.562,49.565,49.562,49.565,325
289,49.562,49.562,49.562,49.562,300
290,49.56,49.56,49.56,49.56,3400
292,49.55,49.55,49.55,49.55,1585
293,49.55,49.55,49.545,49.545,300
295,49.56,49.56,49.558,49.558,812
301,49.55,49.55,49.55,49.55,100
306,49.54,49.55,49.54,49.55,1000
307,49.539,49.54,49.539,49.54,600
309,49.545,49.545,49.54,49.54,600
311,49.55,49.55,49.55,49.55,500
312,49.56,49.56,49.56,49.56,500
313,49.565,49.565,49.559,49.559,851
315,49.54,49.54,49.54,49.54,2450
316,49.535,49.535,49.535,49.535,400
323,49.545,49.545,49.545,49.545,100
326,49.535,49.535,49.535,49.535,4600
331,49.53,49.53,49.53,49.53,800
332,49.505,49.505,49.5,49.5,3159
333,49.505,49.505,49.505,49.505,200
335,49.482,49.485,49.481,49.485,700
337,49.505,49.505,49.505,49.505,100
338,49.515,49.515,49.51,49.51,496
339,49.505,49.51,49.505,49.51,200
341,49.515,49.515,49.515,49.515,1800
342,49.515,49.515,49.515,49.515,100
344,49.535,49.535,49.525,49.525,400
347,49.54,49.54,49.54,49.54,200
348,49.545,49.545,49.545,49.545,100
354,49.565,49.565,49.56,49.56,300
355,49.56,49.56,49.56,49.56,100
356,49.555,49.555,49.555,49.555,100
357,49.55,49.55,49.55,49.55,1700
358,49.555,49.555,49.555,49.555,100
361,49.56,49.56,49.56,49.56,100
362,49.56,49.565,49.56,49.565,200
363,49.549,49.555,49.548,49.555,1613
365,49.559,49.559,49.558,49.558,3496
366,49.56,49.56,49.56,49.56,597
367,49.555,49.565,49.552,49.565,830
369,49.559,49.559,49.555,49.555,18601
371,49.56,49.56,49.56,49.56,100
372,49.585,49.585,49.575,49.575,2200
373,49.595,49.595,49.585,49.585,200
376,49.59,49.59,49.59,49.59,200
378,49.58,49.58,49.58,49.58,800
381,49.58,49.58,49.58,49.58,100
390,49.57,49.585,49.57,49.585,4352
a1425047400,49.62,49.62,49.62,49.62,13595
3,49.6,49.6,49.6,49.6,160
5,49.57,49.57,49.57,49.57,300
6,49.57,49.57,49.57,49.57,1912
11,49.59,49.6,49.59,49.6,707
12,49.59,49.609,49.59,49.609,1514
13,49.58,49.59,49.575,49.59,2688
14,49.57,49.59,49.57,49.59,1300
19,49.54,49.54,49.54,49.54,4200
20,49.54,49.54,49.535,49.535,3600
21,49.53,49.53,49.53,49.53,1200
22,49.535,49.535,49.53,49.53,4300
23,49.54,49.54,49.54,49.54,200
24,49.539,49.545,49.538,49.54,9330
25,49.54,49.54,49.54,49.54,500
28,49.56,49.56,49.56,49.56,300
31,49.6,49.6,49.57,49.57,661
32,49.61,49.61,49.61,49.61,1900
35,49.6,49.6,49.6,49.6,410
36,49.6,49.6,49.6,49.6,600
39,49.64,49.64,49.62,49.62,1235
40,49.62,49.63,49.62,49.63,1100
41,49.61,49.61,49.61,49.61,1092
43,49.62,49.62,49.62,49.62,1006
44,49.59,49.61,49.59,49.61,2456
46,49.59,49.59,49.59,49.59,577
47,49.6,49.6,49.6,49.6,500
51,49.609,49.609,49.605,49.605,900
52,49.61,49.61,49.61,49.61,500
54,49.63,49.63,49.62,49.62,1500
56,49.629,49.629,49.629,49.629,1300
57,49.63,49.63,49.63,49.63,650
61,49.67,49.67,49.67,49.67,100
62,49.68,49.68,49.679,49.679,1427
63,49.68,49.68,49.68,49.68,100
64,49.67,49.67,49.67,49.67,500
68,49.67,49.67,49.67,49.67,3000
69,49.67,49.67,49.67,49.67,500
71,49.67,49.67,49.67,49.67,209
72,49.67,49.67,49.67,49.67,500
80,49.705,49.705,49.705,49.705,100
85,49.72,49.72,49.72,49.72,100
86,49.735,49.735,49.735,49.735,1844
89,49.76,49.76,49.76,49.76,200
90,49.76,49.76,49.76,49.76,725
91,49.75,49.75,49.75,49.75,800
93,49.735,49.735,49.735,49.735,14246
96,49.71,49.71,49.71,49.71,500
100,49.74,49.74,49.74,49.74,179
105,49.77,49.77,49.77,49.77,188
110,49.77,49.775,49.77,49.775,3975
111,49.74,49.75,49.74,49.75,1306
112,49.739,49.739,49.739,49.739,161
115,49.755,49.755,49.755,49.755,100
116,49.76,49.76,49.76,49.76,459
117,49.75,49.76,49.75,49.76,1736
118,49.73,49.73,49.73,49.73,500
119,49.73,49.73,49.73,49.73,100
125,49.74,49.74,49.73,49.73,1900
127,49.74,49.74,49.74,49.74,500
129,49.738,49.738,49.738,49.738,300
130,49.73,49.73,49.725,49.725,50917
132,49.729,49.729,49.729,49.729,403
136,49.73,49.735,49.73,49.735,200
137,49.73,49.73,49.73,49.73,100
139,49.72,49.725,49.72,49.725,200
140,49.7,49.7,49.7,49.7,100
148,49.69,49.69,49.69,49.69,100
150,49.69,49.69,49.69,49.69,278
153,49.69,49.69,49.69,49.69,500
154,49.689,49.689,49.689,49.689,149
155,49.69,49.69,49.69,49.69,500
156,49.685,49.685,49.685,49.685,100
164,49.67,49.67,49.66,49.665,3736
166,49.685,49.685,49.685,49.685,500
171,49.68,49.68,49.68,49.68,200
174,49.68,49.68,49.68,49.68,600
176,49.7,49.7,49.7,49.7,500
182,49.699,49.699,49.699,49.699,237
183,49.7,49.7,49.7,49.7,191
189,49.699,49.699,49.699,49.699,120
191,49.69,49.69,49.69,49.69,2981
195,49.689,49.689,49.689,49.689,500
202,49.695,49.695,49.695,49.695,1000
204,49.68,49.69,49.68,49.69,5374
206,49.69,49.69,49.69,49.69,300
213,49.69,49.69,49.69,49.69,200
214,49.68,49.68,49.68,49.68,597
216,49.675,49.675,49.675,49.675,200
218,49.685,49.685,49.675,49.675,2700
221,49.68,49.68,49.68,49.68,100
222,49.68,49.68,49.68,49.68,2079
226,49.675,49.685,49.675,49.685,600
227,49.675,49.675,49.675,49.675,200
230,49.66,49.665,49.66,49.665,1540
231,49.659,49.659,49.659,49.659,400
232,49.66,49.665,49.66,49.66,800
233,49.655,49.655,49.655,49.655,200
234,49.65,49.65,49.65,49.65,500
235,49.66,49.66,49.66,49.66,200
236,49.655,49.66,49.655,49.66,400
237,49.64,49.65,49.64,49.65,900
238,49.64,49.645,49.64,49.645,300
239,49.645,49.645,49.645,49.645,100
240,49.655,49.655,49.65,49.65,300
245,49.665,49.665,49.665,49.665,200
246,49.665,49.665,49.66,49.66,745
248,49.659,49.659,49.658,49.658,3225
250,49.665,49.665,49.66,49.66,400
251,49.665,49.665,49.665,49.665,200
253,49.668,49.668,49.668,49.668,100
255,49.67,49.67,49.67,49.67,800
256,49.67,49.67,49.67,49.67,100
257,49.675,49.675,49.675,49.675,200
259,49.685,49.685,49.68,49.68,400
260,49.685,49.685,49.685,49.685,200
263,49.685,49.685,49.685,49.685,2600
264,49.69,49.69,49.69,49.69,100
265,49.67,49.675,49.67,49.675,981
267,49.685,49.685,49.685,49.685,200
271,49.705,49.705,49.705,49.705,200
274,49.695,49.7,49.695,49.7,1000
275,49.69,49.69,49.69,49.69,200
276,49.69,49.69,49.69,49.69,120
277,49.685,49.685,49.685,49.685,200
279,49.695,49.695,49.695,49.695,200
281,49.68,49.68,49.675,49.675,700
284,49.685,49.685,49.685,49.685,200
286,49.685,49.685,49.68,49.68,1720
287,49.685,49.685,49.685,49.685,200
289,49.685,49.685,49.685,49.685,200
292,49.685,49.685,49.679,49.679,3310
294,49.685,49.685,49.685,49.685,400
295,49.69,49.69,49.69,49.69,1313
296,49.695,49.695,49.69,49.69,900
298,49.69,49.69,49.69,49.69,600
299,49.695,49.695,49.695,49.695,200
302,49.685,49.685,49.685,49.685,200
305,49.68,49.68,49.68,49.68,500
307,49.689,49.689,49.689,49.689,150
308,49.685,49.685,49.685,49.685,200
309,49.68,49.68,49.68,49.68,500
310,49.655,49.66,49.655,49.66,500
312,49.645,49.65,49.645,49.65,900
313,49.645,49.645,49.645,49.645,200
315,49.635,49.635,49.635,49.635,200
316,49.625,49.63,49.625,49.63,1500
318,49.625,49.625,49.625,49.625,400
319,49.63,49.63,49.63,49.63,919
320,49.63,49.63,49.63,49.63,100
321,49.635,49.635,49.635,49.635,200
324,49.64,49.64,49.64,49.64,600
326,49.64,49.645,49.64,49.645,300
331,49.6,49.625,49.6,49.625,1544
332,49.598,49.598,49.598,49.598,165
333,49.605,49.605,49.6,49.6,438
334,49.605,49.605,49.6,49.6,300
335,49.595,49.595,49.595,49.595,300
336,49.595,49.595,49.595,49.595,200
338,49.61,49.61,49.61,49.61,100
340,49.61,49.615,49.61,49.615,300
342,49.605,49.605,49.605,49.605,4719
344,49.625,49.625,49.62,49.62,800
345,49.6,49.6,49.6,49.6,300
346,49.59,49.595,49.59,49.595,2400
347,49.585,49.59,49.585,49.59,1400
348,49.6,49.615,49.6,49.615,800
349,49.615,49.615,49.615,49.615,2425
350,49.615,49.615,49.615,49.615,200
351,49.615,49.615,49.61,49.61,1210
352,49.625,49.625,49.61,49.61,3375
353,49.605,49.605,49.605,49.605,1000
355,49.625,49.625,49.625,49.625,200
358,49.625,49.625,49.625,49.625,400
360,49.639,49.639,49.639,49.639,190
362,49.635,49.635,49.635,49.635,600
364,49.62,49.62,49.62,49.62,400
365,49.625,49.625,49.625,49.625,200
366,49.63,49.63,49.63,49.63,1000
367,49.635,49.635,49.635,49.635,200
368,49.625,49.625,49.625,49.625,100
369,49.615,49.625,49.615,49.625,486
370,49.615,49.615,49.615,49.615,100
371,49.59,49.595,49.59,49.595,2316
372,49.599,49.599,49.599,49.599,857
373,49.6,49.6,49.6,49.6,467
374,49.599,49.599,49.599,49.599,655
375,49.6,49.6,49.6,49.6,100
377,49.61,49.61,49.61,49.61,100
378,49.62,49.62,49.62,49.62,1000
379,49.61,49.61,49.61,49.61,658
380,49.61,49.61,49.61,49.61,500
382,49.6,49.6,49.6,49.6,1983
383,49.59,49.59,49.59,49.59,100
387,49.585,49.585,49.585,49.585,1200
388,49.585,49.585,49.585,49.585,800
390,49.59,49.59,49.58,49.585,10579
a1425306600,49.59,49.61,49.59,49.61,50598
1,49.57,49.58,49.57,49.58,6335
3,49.55,49.55,49.55,49.55,500
10,49.54,49.54,49.54,49.54,1300
11,49.55,49.55,49.54,49.54,3547
12,49.53,49.54,49.53,49.54,830
15,49.519,49.52,49.519,49.52,2046
16,49.535,49.535,49.535,49.535,1543
19,49.52,49.52,49.52,49.52,600
21,49.505,49.51,49.505,49.51,2100
23,49.51,49.51,49.51,49.51,1200
24,49.509,49.509,49.509,49.509,111
25,49.5,49.5,49.5,49.5,900
26,49.51,49.51,49.51,49.51,3458
27,49.51,49.51,49.51,49.51,1901
28,49.51,49.51,49.51,49.51,500
30,49.52,49.52,49.52,49.52,1730
32,49.53,49.53,49.525,49.525,656
35,49.53,49.53,49.525,49.53,15230
36,49.535,49.535,49.529,49.529,2707
37,49.54,49.54,49.54,49.54,500
38,49.56,49.565,49.56,49.565,3835
41,49.565,49.565,49.55,49.55,3489
42,49.565,49.57,49.565,49.57,600
43,49.56,49.56,49.56,49.56,2577
44,49.55,49.55,49.55,49.55,100
45,49.545,49.545,49.545,49.545,2600
47,49.545,49.549,49.545,49.549,2550
48,49.549,49.549,49.545,49.545,2800
49,49.549,49.549,49.549,49.549,100
50,49.545,49.55,49.545,49.545,2285
53,49.54,49.54,49.54,49.54,388
54,49.54,49.54,49.54,49.54,500
55,49.54,49.54,49.54,49.54,100
57,49.55,49.55,49.55,49.55,100
60,49.55,49.55,49.55,49.55,4400
62,49.53,49.53,49.53,49.53,500
67,49.51,49.51,49.51,49.51,600
68,49.509,49.509,49.509,49.509,1939
69,49.509,49.509,49.509,49.509,825
72,49.51,49.51,49.51,49.51,2500
77,49.51,49.51,49.51,49.51,400
78,49.515,49.515,49.515,49.515,926
80,49.49,49.5,49.49,49.5,1400
81,49.505,49.505,49.5,49.5,600
84,49.515,49.515,49.515,49.515,100
87,49.509,49.509,49.509,49.509,1390
88,49.51,49.51,49.51,49.51,500
91,49.535,49.535,49.53,49.53,700
94,49.529,49.53,49.529,49.53,600
104,49.52,49.52,49.52,49.52,600
110,49.515,49.515,49.515,49.515,100
112,49.525,49.525,49.525,49.525,1600
113,49.53,49.53,49.53,49.53,100
121,49.52,49.525,49.52,49.525,305
124,49.54,49.54,49.54,49.54,487
125,49.54,49.54,49.54,49.54,500
127,49.55,49.55,49.55,49.55,900
130,49.55,49.55,49.55,49.55,200
131,49.55,49.55,49.55,49.55,1099
133,49.56,49.56,49.56,49.56,400
134,49.569,49.569,49.569,49.569,129
142,49.57,49.57,49.57,49.57,706
144,49.57,49.57,49.57,49.57,1300
150,49.56,49.56,49.56,49.56,700
156,49.55,49.55,49.55,49.55,1547
160,49.545,49.545,49.545,49.545,100
161,49.54,49.54,49.54,49.54,1400
163,49.495,49.53,49.495,49.53,8253
166,49.49,49.49,49.49,49.49,2016
167,49.48,49.48,49.48,49.48,899
168,49.47,49.47,49.47,49.47,115
171,49.47,49.47,49.47,49.47,1343
172,49.46,49.46,49.46,49.46,400
173,49.46,49.46,49.46,49.46,800
193,49.47,49.47,49.47,49.47,239
196,49.465,49.465,49.465,49.465,115
197,49.47,49.47,49.47,49.47,100
200,49.48,49.48,49.48,49.48,1272
203,49.49,49.49,49.49,49.49,100
207,49.49,49.49,49.49,49.49,500
209,49.479,49.48,49.479,49.48,804
215,49.49,49.49,49.49,49.49,500
222,49.5,49.5,49.5,49.5,500
224,49.515,49.515,49.51,49.51,600
225,49.51,49.51,49.51,49.51,800
226,49.51,49.51,49.51,49.51,600
230,49.525,49.525,49.52,49.52,600
233,49.515,49.52,49.515,49.52,900
234,49.518,49.518,49.518,49.518,202
240,49.525,49.525,49.52,49.52,1400
241,49.53,49.53,49.53,49.53,1708
242,49.525,49.525,49.525,49.525,200
245,49.52,49.52,49.52,49.52,800
247,49.53,49.53,49.525,49.525,2800
250,49.535,49.535,49.535,49.535,100
251,49.535,49.535,49.535,49.535,700
254,49.539,49.539,49.539,49.539,1920
255,49.535,49.535,49.535,49.535,500
258,49.539,49.539,49.539,49.539,209
266,49.535,49.535,49.535,49.535,200
268,49.535,49.535,49.535,49.535,200
269,49.539,49.539,49.539,49.539,1730
270,49.54,49.54,49.54,49.54,1000
275,49.545,49.545,49.545,49.545,135
276,49.549,49.549,49.549,49.549,900
278,49.55,49.55,49.55,49.55,1327
280,49.55,49.55,49.55,49.55,500
281,49.55,49.55,49.55,49.55,1688
288,49.55,49.55,49.549,49.549,1000
294,49.54,49.54,49.54,49.54,800
295,49.53,49.54,49.53,49.54,1094
300,49.52,49.52,49.52,49.52,200
301,49.515,49.518,49.515,49.518,361
302,49.52,49.52,49.515,49.515,4100
305,49.53,49.53,49.53,49.53,500
312,49.525,49.525,49.525,49.525,100
316,49.53,49.535,49.525,49.525,23727
318,49.539,49.539,49.53,49.53,1713
321,49.539,49.539,49.539,49.539,325
324,49.54,49.54,49.54,49.54,500
328,49.545,49.545,49.545,49.545,303
332,49.545,49.545,49.545,49.545,2339
335,49.54,49.54,49.54,49.54,2938
336,49.535,49.535,49.535,49.535,100
337,49.535,49.535,49.535,49.535,200
342,49.54,49.54,49.54,49.54,1200
350,49.55,49.55,49.55,49.55,100
353,49.549,49.549,49.549,49.549,600
354,49.549,49.549,49.549,49.549,4700
355,49.545,49.545,49.545,49.545,100
356,49.549,49.549,49.549,49.549,1300
358,49.549,49.549,49.548,49.548,4300
359,49.549,49.549,49.549,49.549,401
361,49.549,49.549,49.549,49.549,900
362,49.549,49.549,49.549,49.549,300
363,49.55,49.55,49.549,49.55,1090
365,49.575,49.575,49.569,49.569,1000
366,49.58,49.58,49.579,49.579,1775
372,49.585,49.59,49.585,49.59,3795
374,49.59,49.59,49.59,49.59,994
380,49.6,49.6,49.6,49.6,600
382,49.6,49.6,49.6,49.6,2000
387,49.6,49.6,49.6,49.6,500
389,49.6,49.6,49.6,49.6,200
390,49.62,49.62,49.6,49.6,7378
a1425393000,49.49,49.49,49.49,49.49,30016
2,49.45,49.45,49.45,49.45,100
3,49.45,49.46,49.44,49.44,4038
4,49.475,49.475,49.47,49.47,600
5,49.475,49.475,49.475,49.475,898
6,49.485,49.485,49.475,49.475,400
8,49.5,49.5,49.49,49.49,2307
11,49.49,49.5,49.49,49.5,1965
12,49.47,49.48,49.47,49.48,1300
13,49.46,49.46,49.46,49.46,1400
14,49.46,49.46,49.46,49.46,300
17,49.45,49.45,49.45,49.45,300
20,49.45,49.45,49.45,49.45,500
21,49.42,49.44,49.42,49.44,1622
22,49.43,49.43,49.43,49.43,1250
23,49.43,49.43,49.43,49.43,200
25,49.43,49.43,49.43,49.43,200
27,49.42,49.42,49.42,49.42,100
28,49.45,49.45,49.45,49.45,200
29,49.45,49.45,49.45,49.45,400
32,49.46,49.46,49.455,49.455,500
33,49.47,49.47,49.47,49.47,300
34,49.48,49.48,49.48,49.48,250
35,49.48,49.49,49.48,49.49,3400
36,49.49,49.49,49.49,49.49,6671
37,49.49,49.49,49.49,49.49,100
38,49.49,49.49,49.49,49.49,1300
39,49.485,49.49,49.485,49.49,1000
43,49.475,49.48,49.475,49.48,683
45,49.46,49.47,49.46,49.47,5800
46,49.46,49.46,49.46,49.46,1522
48,49.46,49.46,49.46,49.46,600
49,49.47,49.47,49.47,49.47,5151
51,49.48,49.48,49.48,49.48,100
52,49.48,49.48,49.48,49.48,200
54,49.47,49.47,49.47,49.47,100
55,49.46,49.46,49.46,49.46,100
56,49.44,49.45,49.44,49.45,6449
60,49.44,49.44,49.44,49.44,400
62,49.43,49.43,49.43,49.43,255
63,49.42,49.42,49.42,49.42,400
64,49.42,49.42,49.42,49.42,200
65,49.435,49.435,49.43,49.43,1300
66,49.43,49.43,49.43,49.43,600
70,49.405,49.405,49.405,49.405,100
72,49.429,49.429,49.42,49.42,5500
73,49.43,49.43,49.43,49.43,100
76,49.43,49.43,49.43,49.43,1000
77,49.41,49.41,49.41,49.41,600
80,49.42,49.42,49.415,49.415,7400
81,49.41,49.41,49.41,49.41,500
82,49.39,49.4,49.39,49.4,587
86,49.389,49.389,49.389,49.389,550
88,49.38,49.38,49.38,49.38,100
89,49.365,49.365,49.365,49.365,200
91,49.34,49.35,49.34,49.35,711
92,49.34,49.34,49.335,49.335,1800
96,49.36,49.36,49.36,49.36,419
101,49.32,49.32,49.32,49.32,100
102,49.31,49.315,49.31,49.315,1100
104,49.31,49.31,49.31,49.31,400
105,49.3,49.3,49.3,49.3,333
106,49.299,49.299,49.299,49.299,308
108,49.335,49.335,49.33,49.33,720
113,49.32,49.32,49.32,49.32,1200
118,49.33,49.33,49.33,49.33,100
119,49.31,49.32,49.31,49.32,200
121,49.31,49.31,49.31,49.31,100
125,49.299,49.32,49.299,49.32,2427
128,49.3,49.3,49.3,49.3,523
133,49.27,49.29,49.27,49.29,2314
134,49.265,49.265,49.265,49.265,757
140,49.27,49.27,49.27,49.27,1200
142,49.275,49.275,49.27,49.27,1300
143,49.28,49.28,49.27,49.275,8494
144,49.29,49.29,49.28,49.28,3854
148,49.31,49.31,49.31,49.31,200
152,49.295,49.295,49.295,49.295,1200
154,49.29,49.29,49.29,49.29,600
161,49.3,49.3,49.3,49.3,600
162,49.3,49.3,49.3,49.3,399
167,49.299,49.299,49.299,49.299,500
171,49.3,49.3,49.3,49.3,100
175,49.28,49.28,49.28,49.28,1742
176,49.24,49.26,49.24,49.26,942
178,49.265,49.265,49.265,49.265,100
181,49.26,49.26,49.26,49.26,378
187,49.27,49.27,49.27,49.27,821
193,49.28,49.28,49.28,49.28,100
201,49.29,49.29,49.29,49.29,400
203,49.3,49.3,49.3,49.3,600
204,49.31,49.31,49.31,49.31,300
206,49.31,49.31,49.31,49.31,100
207,49.32,49.32,49.32,49.32,500
208,49.325,49.325,49.325,49.325,100
212,49.34,49.34,49.34,49.34,525
213,49.33,49.33,49.33,49.33,1109
217,49.329,49.329,49.32,49.32,1502
218,49.33,49.33,49.33,49.33,600
221,49.32,49.32,49.32,49.32,100
222,49.31,49.31,49.31,49.31,300
223,49.3,49.3,49.3,49.3,1020
226,49.28,49.28,49.28,49.28,600
230,49.29,49.29,49.29,49.29,100
231,49.29,49.29,49.29,49.29,200
233,49.29,49.29,49.29,49.29,173
237,49.305,49.305,49.29,49.29,1828
238,49.31,49.31,49.31,49.31,600
239,49.31,49.31,49.31,49.31,590
241,49.32,49.32,49.32,49.32,600
246,49.32,49.32,49.32,49.32,300
247,49.31,49.31,49.31,49.31,877
248,49.31,49.31,49.309,49.309,302
254,49.308,49.31,49.308,49.309,1870
257,49.31,49.31,49.31,49.31,200
261,49.325,49.325,49.325,49.325,100
272,49.305,49.305,49.305,49.305,200
273,49.315,49.315,49.315,49.315,800
274,49.305,49.305,49.305,49.305,100
280,49.325,49.325,49.325,49.325,200
286,49.335,49.335,49.335,49.335,347
289,49.34,49.34,49.34,49.34,500
291,49.35,49.35,49.35,49.35,100
301,49.35,49.35,49.35,49.35,300
304,49.34,49.34,49.34,49.34,100
305,49.34,49.34,49.34,49.34,700
313,49.32,49.33,49.32,49.33,2619
320,49.32,49.32,49.32,49.32,780
323,49.33,49.33,49.33,49.33,1019
327,49.34,49.34,49.34,49.34,400
328,49.34,49.34,49.34,49.34,300
331,49.33,49.33,49.33,49.33,1055
335,49.345,49.345,49.33,49.33,3700
336,49.34,49.34,49.34,49.34,700
339,49.32,49.32,49.32,49.32,1200
348,49.3,49.3,49.3,49.3,100
349,49.305,49.305,49.305,49.305,600
354,49.33,49.33,49.325,49.325,200
355,49.33,49.33,49.33,49.33,200
369,49.34,49.34,49.34,49.34,200
371,49.32,49.33,49.32,49.33,1632
374,49.31,49.31,49.31,49.31,200
376,49.31,49.31,49.31,49.31,1219
377,49.31,49.31,49.31,49.31,538
378,49.31,49.31,49.305,49.305,562
379,49.31,49.31,49.31,49.31,2000
380,49.31,49.31,49.31,49.31,1000
381,49.32,49.32,49.32,49.32,1019
385,49.33,49.33,49.33,49.33,3885
387,49.33,49.33,49.33,49.33,100
389,49.33,49.335,49.33,49.335,7343
390,49.32,49.335,49.32,49.335,4612
a1425479400,49.12,49.13,49.12,49.13,24842
1,49.07,49.1,49.065,49.09,6115
2,49.03,49.065,49.03,49.065,4131
4,49.01,49.01,49.01,49.01,980
5,48.98,49,48.98,49,2160
6,48.92,48.95,48.92,48.95,500
7,48.93,48.93,48.93,48.93,616
8,48.93,48.93,48.93,48.93,500
9,48.92,48.92,48.92,48.92,546
10,48.9,48.92,48.9,48.92,991
14,48.86,48.86,48.86,48.86,100
15,48.84,48.86,48.84,48.86,1700
16,48.83,48.84,48.825,48.84,2220
18,48.83,48.83,48.83,48.83,1242
20,48.85,48.85,48.85,48.85,200
21,48.82,48.83,48.82,48.83,1632
22,48.81,48.81,48.81,48.81,500
27,48.82,48.82,48.82,48.82,343
28,48.83,48.83,48.83,48.83,400
29,48.83,48.83,48.83,48.83,100
31,48.82,48.82,48.82,48.82,500
32,48.84,48.84,48.84,48.84,633
34,48.83,48.83,48.83,48.83,500
35,48.78,48.8,48.78,48.8,733
36,48.81,48.81,48.81,48.81,100
38,48.82,48.82,48.82,48.82,1300
40,48.81,48.81,48.81,48.81,100
41,48.79,48.79,48.79,48.79,1000
42,48.805,48.805,48.79,48.79,300
43,48.76,48.77,48.76,48.77,1500
45,48.78,48.78,48.78,48.78,600
47,48.78,48.78,48.78,48.78,1000
48,48.79,48.79,48.79,48.79,406
53,48.83,48.83,48.83,48.83,1651
54,48.81,48.81,48.81,48.81,300
57,48.81,48.81,48.81,48.81,100
58,48.81,48.81,48.81,48.81,300
59,48.82,48.82,48.82,48.82,100
61,48.8,48.82,48.8,48.82,1300
64,48.83,48.83,48.83,48.83,500
68,48.84,48.85,48.84,48.85,200
70,48.84,48.84,48.84,48.84,464
72,48.86,48.86,48.86,48.86,260
74,48.89,48.89,48.89,48.89,1200
80,48.86,48.86,48.86,48.86,1000
81,48.85,48.85,48.85,48.85,327
82,48.85,48.85,48.85,48.85,391
84,48.86,48.86,48.85,48.85,600
85,48.85,48.85,48.85,48.85,750
86,48.86,48.86,48.85,48.85,200
88,48.88,48.88,48.88,48.88,500
92,48.93,48.93,48.93,48.93,100
96,48.94,48.94,48.94,48.94,500
97,48.93,48.93,48.93,48.93,100
98,48.93,48.93,48.93,48.93,400
100,48.95,48.95,48.95,48.95,100
103,48.93,48.93,48.93,48.93,700
104,48.945,48.945,48.945,48.945,293
109,48.97,48.97,48.97,48.97,1201
110,48.975,48.975,48.975,48.975,500
113,48.97,48.97,48.97,48.97,500
117,48.97,48.97,48.97,48.97,500
118,48.96,48.96,48.96,48.96,2300
121,48.97,48.98,48.97,48.98,900
124,48.99,48.99,48.99,48.99,100
127,49.01,49.01,49.01,49.01,300
129,49.02,49.02,49.015,49.015,10056
135,49.01,49.01,49.009,49.009,2808
137,49.01,49.01,49.01,49.01,304
141,49.009,49.009,49.008,49.008,440
143,49,49,49,49,660
144,49,49,48.998,48.998,1054
148,48.99,48.99,48.99,48.99,944
151,49,49,49,49,100
154,49.01,49.01,49.01,49.01,120
163,49.032,49.035,49.031,49.035,2100
165,49.07,49.07,49.07,49.07,500
170,49.08,49.08,49.08,49.08,100
173,49.09,49.09,49.09,49.09,1231
174,49.09,49.09,49.09,49.09,1321
176,49.09,49.09,49.09,49.09,421
178,49.08,49.09,49.08,49.09,7627
183,49.09,49.09,49.09,49.09,100
185,49.08,49.08,49.08,49.08,500
192,49.08,49.08,49.08,49.08,600
193,49.09,49.09,49.09,49.09,1000
194,49.09,49.09,49.09,49.09,1100
198,49.095,49.095,49.095,49.095,400
199,49.095,49.095,49.095,49.095,100
202,49.09,49.09,49.09,49.09,100
205,49.09,49.09,49.09,49.09,800
208,49.07,49.07,49.061,49.065,4673
218,49.07,49.07,49.07,49.07,1000
222,49.07,49.07,49.07,49.07,200
226,49.08,49.08,49.08,49.08,500
233,49.08,49.08,49.08,49.08,600
241,49.09,49.09,49.09,49.09,200
242,49.08,49.08,49.08,49.08,684
248,49.08,49.08,49.08,49.08,100
249,49.08,49.08,49.08,49.08,100
256,49.07,49.07,49.07,49.07,1187
257,49.07,49.07,49.07,49.07,300
263,49.06,49.06,49.06,49.06,546
264,49.06,49.06,49.06,49.06,100
265,49.05,49.05,49.05,49.05,382
267,49.03,49.03,49.03,49.03,200
271,49.05,49.05,49.03,49.03,1300
275,49.05,49.05,49.05,49.05,905
276,49.05,49.05,49.05,49.05,100
281,49.07,49.07,49.07,49.07,500
282,49.07,49.07,49.07,49.07,110
284,49.05,49.05,49.05,49.05,800
287,49.04,49.04,49.04,49.04,100
289,49.03,49.03,49.03,49.03,100
293,49.03,49.03,49.03,49.03,100
297,49.04,49.04,49.035,49.035,700
304,49.049,49.049,49.048,49.048,21300
309,49.04,49.04,49.04,49.04,1000
310,49.04,49.04,49.038,49.038,465
311,49.04,49.04,49.04,49.04,633
315,49.06,49.06,49.06,49.06,600
316,49.07,49.07,49.07,49.07,100
317,49.07,49.07,49.07,49.07,100
318,49.07,49.07,49.07,49.07,100
324,49.08,49.08,49.08,49.08,500
326,49.09,49.09,49.09,49.09,100
331,49.1,49.105,49.099,49.099,8900
333,49.09,49.09,49.09,49.09,1077
334,49.09,49.09,49.09,49.09,908
336,49.07,49.07,49.07,49.07,500
342,49.089,49.089,49.089,49.089,1100
343,49.089,49.089,49.089,49.089,121
345,49.099,49.099,49.099,49.099,3915
346,49.109,49.109,49.099,49.099,27445
348,49.11,49.11,49.11,49.11,500
349,49.11,49.11,49.11,49.11,1000
350,49.1,49.1,49.1,49.1,1100
356,49.098,49.098,49.098,49.098,200
357,49.09,49.09,49.09,49.09,205
358,49.088,49.09,49.088,49.09,668
361,49.11,49.11,49.1,49.1,300
367,49.129,49.129,49.128,49.128,370
371,49.11,49.12,49.11,49.12,2990
375,49.1,49.1,49.1,49.1,400
376,49.105,49.105,49.1,49.1,300
377,49.11,49.11,49.11,49.11,1000
380,49.1,49.109,49.1,49.105,26700
382,49.1,49.1,49.1,49.1,100
386,49.1,49.1,49.1,49.1,100
387,49.1,49.105,49.1,49.1,6916
390,49.11,49.11,49.09,49.09,906
a1425565800,49.27,49.27,49.27,49.27,14956
1,49.23,49.25,49.23,49.24,3931
5,49.21,49.21,49.21,49.21,3149
9,49.19,49.19,49.18,49.18,200
10,49.19,49.19,49.19,49.19,8400
17,49.16,49.16,49.16,49.16,1159
18,49.17,49.17,49.17,49.17,529
19,49.18,49.18,49.18,49.18,760
20,49.19,49.19,49.18,49.18,600
21,49.205,49.205,49.205,49.205,885
28,49.22,49.22,49.215,49.215,915
29,49.22,49.23,49.22,49.23,3317
31,49.22,49.22,49.22,49.22,407
36,49.21,49.21,49.21,49.21,100
43,49.24,49.24,49.24,49.24,1037
44,49.26,49.26,49.26,49.26,500
48,49.27,49.27,49.27,49.27,1600
50,49.27,49.27,49.27,49.27,1100
52,49.265,49.265,49.265,49.265,200
53,49.26,49.26,49.26,49.26,100
55,49.25,49.25,49.25,49.25,200
61,49.28,49.29,49.28,49.29,1700
62,49.29,49.29,49.28,49.28,900
64,49.29,49.29,49.29,49.29,200
66,49.3,49.3,49.3,49.3,1600
68,49.3,49.3,49.3,49.3,661
69,49.299,49.299,49.298,49.298,1620
73,49.27,49.27,49.27,49.27,1600
75,49.26,49.26,49.26,49.26,778
78,49.27,49.27,49.27,49.27,100
84,49.28,49.28,49.28,49.28,1300
85,49.27,49.27,49.27,49.27,600
91,49.25,49.26,49.25,49.26,200
94,49.215,49.215,49.215,49.215,300
97,49.215,49.22,49.215,49.22,2100
98,49.2,49.2,49.2,49.2,580
99,49.2,49.2,49.2,49.2,600
100,49.19,49.19,49.19,49.19,100
103,49.17,49.17,49.17,49.17,100
104,49.175,49.175,49.175,49.175,1500
105,49.195,49.195,49.195,49.195,1600
106,49.19,49.19,49.19,49.19,800
108,49.19,49.19,49.19,49.19,200
113,49.18,49.18,49.18,49.18,200
114,49.18,49.18,49.18,49.18,100
118,49.175,49.18,49.175,49.18,1645
120,49.17,49.17,49.17,49.17,200
121,49.17,49.17,49.17,49.17,391
122,49.17,49.17,49.17,49.17,519
124,49.169,49.169,49.169,49.169,153
125,49.175,49.175,49.175,49.175,100
126,49.18,49.18,49.18,49.18,100
134,49.16,49.16,49.16,49.16,200
135,49.16,49.16,49.16,49.16,700
136,49.155,49.155,49.155,49.155,400
138,49.16,49.16,49.16,49.16,500
139,49.17,49.17,49.17,49.17,100
140,49.16,49.16,49.16,49.16,400
141,49.165,49.165,49.165,49.165,900
143,49.17,49.17,49.17,49.17,300
145,49.17,49.17,49.17,49.17,100
146,49.18,49.18,49.175,49.175,500
147,49.18,49.18,49.18,49.18,300
149,49.17,49.17,49.17,49.17,1516
150,49.16,49.16,49.16,49.16,900
151,49.15,49.15,49.15,49.15,500
152,49.14,49.14,49.14,49.14,300
155,49.135,49.135,49.135,49.135,800
158,49.13,49.13,49.13,49.13,300
159,49.14,49.14,49.135,49.135,1035
161,49.15,49.15,49.15,49.15,700
162,49.159,49.159,49.159,49.159,400
164,49.14,49.14,49.14,49.14,600
165,49.14,49.14,49.14,49.14,200
166,49.13,49.13,49.13,49.13,100
168,49.13,49.13,49.13,49.13,200
171,49.13,49.13,49.13,49.13,100
179,49.12,49.12,49.12,49.12,200
182,49.12,49.12,49.12,49.12,100
194,49.12,49.12,49.12,49.12,200
196,49.11,49.11,49.11,49.11,100
197,49.109,49.109,49.109,49.109,299
198,49.1,49.1,49.1,49.1,400
201,49.07,49.07,49.07,49.07,200
206,49.06,49.06,49.06,49.06,1529
207,49.05,49.05,49.05,49.05,600
208,49.05,49.05,49.05,49.05,1400
211,49.05,49.05,49.05,49.05,500
212,49.05,49.05,49.05,49.05,100
216,49.07,49.07,49.07,49.07,100
222,49.08,49.08,49.08,49.08,100
229,49.1,49.1,49.1,49.1,100
231,49.09,49.09,49.09,49.09,400
233,49.08,49.08,49.07,49.07,4216
235,49.09,49.09,49.09,49.09,1777
236,49.105,49.105,49.1,49.1,200
239,49.12,49.12,49.12,49.12,300
244,49.12,49.12,49.12,49.12,200
252,49.115,49.115,49.115,49.115,100
254,49.11,49.11,49.11,49.11,1224
257,49.125,49.125,49.125,49.125,1356
266,49.13,49.13,49.13,49.13,2400
270,49.135,49.135,49.135,49.135,200
271,49.145,49.145,49.145,49.145,400
273,49.17,49.17,49.15,49.15,1760
286,49.18,49.18,49.18,49.18,1100
292,49.18,49.18,49.18,49.18,1244
293,49.165,49.17,49.165,49.17,700
294,49.175,49.175,49.175,49.175,400
306,49.17,49.17,49.17,49.17,400
312,49.16,49.16,49.16,49.16,1100
313,49.16,49.16,49.16,49.16,700
314,49.16,49.16,49.16,49.16,2611
317,49.16,49.16,49.16,49.16,1650
322,49.175,49.175,49.16,49.16,2200
324,49.195,49.195,49.195,49.195,100
330,49.185,49.19,49.185,49.19,700
331,49.18,49.18,49.18,49.18,1306
332,49.17,49.17,49.17,49.17,900
335,49.17,49.17,49.17,49.17,159
339,49.16,49.16,49.16,49.16,200
343,49.16,49.16,49.16,49.16,700
345,49.159,49.159,49.159,49.159,1000
354,49.17,49.17,49.17,49.17,100
361,49.175,49.175,49.17,49.175,400
362,49.165,49.17,49.165,49.17,1300
363,49.155,49.16,49.15,49.16,3267
364,49.16,49.16,49.16,49.16,1015
366,49.15,49.15,49.15,49.15,100
372,49.155,49.155,49.155,49.155,1991
378,49.15,49.15,49.15,49.15,343
381,49.155,49.155,49.15,49.15,4039
386,49.155,49.155,49.149,49.149,200
390,49.13,49.145,49.13,49.145,953
a1425652200,48.85,48.86,48.85,48.86,53807
1,48.79,48.8,48.79,48.8,4996
2,48.79,48.79,48.79,48.79,1500
4,48.81,48.81,48.81,48.81,285
5,48.8,48.82,48.8,48.82,1115
6,48.8,48.8,48.8,48.8,100
8,48.8,48.81,48.8,48.81,700
9,48.78,48.78,48.78,48.78,500
12,48.83,48.83,48.83,48.83,1541
13,48.82,48.82,48.82,48.82,500
15,48.82,48.82,48.82,48.82,100
16,48.83,48.83,48.83,48.83,200
19,48.83,48.83,48.83,48.83,105
20,48.82,48.825,48.82,48.825,1436
21,48.8,48.8,48.8,48.8,600
22,48.78,48.78,48.78,48.78,500
23,48.78,48.78,48.78,48.78,100
24,48.77,48.77,48.77,48.77,2000
26,48.78,48.8,48.775,48.775,6058
30,48.77,48.77,48.77,48.77,500
31,48.76,48.79,48.76,48.77,1060
32,48.77,48.77,48.77,48.77,200
35,48.76,48.76,48.76,48.76,500
40,48.78,48.78,48.78,48.78,300
44,48.78,48.79,48.78,48.79,3600
45,48.76,48.76,48.76,48.76,100
46,48.76,48.76,48.76,48.76,100
47,48.75,48.75,48.75,48.75,609
48,48.74,48.74,48.74,48.74,187
49,48.77,48.77,48.75,48.755,2417
53,48.79,48.79,48.78,48.78,600
55,48.81,48.81,48.81,48.81,100
56,48.81,48.81,48.81,48.81,669
59,48.83,48.83,48.83,48.83,100
60,48.83,48.83,48.83,48.83,160
66,48.82,48.82,48.82,48.82,300
67,48.819,48.819,48.819,48.819,100
74,48.81,48.81,48.81,48.81,700
75,48.81,48.81,48.81,48.81,2500
77,48.82,48.82,48.82,48.82,200
78,48.81,48.81,48.81,48.81,100
79,48.8,48.8,48.8,48.8,400
81,48.79,48.81,48.79,48.81,2600
84,48.78,48.78,48.78,48.78,200
85,48.779,48.779,48.778,48.778,586
86,48.76,48.76,48.76,48.76,116
87,48.75,48.75,48.75,48.75,366
91,48.73,48.73,48.73,48.73,3690
92,48.73,48.73,48.73,48.73,488
94,48.73,48.73,48.72,48.72,1440
95,48.72,48.72,48.72,48.72,600
96,48.7,48.7,48.7,48.7,100
97,48.69,48.7,48.69,48.7,1305
98,48.699,48.699,48.699,48.699,135
103,48.65,48.65,48.64,48.64,900
104,48.67,48.67,48.67,48.67,600
107,48.67,48.67,48.67,48.67,280
109,48.68,48.68,48.67,48.67,680
110,48.668,48.668,48.668,48.668,103
111,48.65,48.65,48.65,48.65,300
117,48.66,48.66,48.66,48.66,1048
120,48.655,48.655,48.655,48.655,200
122,48.64,48.64,48.64,48.64,459
126,48.63,48.63,48.63,48.63,400
129,48.61,48.61,48.61,48.61,203
131,48.61,48.61,48.61,48.61,500
133,48.59,48.6,48.59,48.6,1380
134,48.58,48.58,48.58,48.58,420
135,48.55,48.55,48.55,48.55,662
137,48.54,48.54,48.54,48.54,296
139,48.53,48.53,48.53,48.53,200
143,48.53,48.53,48.53,48.53,500
146,48.55,48.55,48.55,48.55,500
148,48.53,48.54,48.53,48.54,994
149,48.56,48.56,48.55,48.55,600
151,48.549,48.55,48.549,48.55,667
153,48.56,48.56,48.56,48.56,400
154,48.579,48.579,48.578,48.578,2014
155,48.58,48.58,48.58,48.58,1129
158,48.58,48.58,48.58,48.58,500
160,48.589,48.589,48.589,48.589,120
161,48.589,48.589,48.589,48.589,104
165,48.54,48.54,48.54,48.54,362
170,48.5,48.5,48.5,48.5,880
172,48.47,48.47,48.47,48.47,240
173,48.47,48.47,48.47,48.47,200
177,48.45,48.45,48.449,48.449,701
178,48.46,48.46,48.46,48.46,151
179,48.47,48.47,48.465,48.465,2010
180,48.46,48.46,48.46,48.46,2300
182,48.47,48.47,48.47,48.47,100
184,48.46,48.46,48.46,48.46,100
186,48.47,48.47,48.47,48.47,1200
193,48.49,48.5,48.49,48.5,3450
194,48.5,48.5,48.49,48.49,1086
196,48.51,48.51,48.5,48.5,1130
197,48.51,48.515,48.51,48.515,4015
198,48.519,48.519,48.519,48.519,365
200,48.52,48.52,48.52,48.52,1687
201,48.52,48.52,48.52,48.52,500
203,48.51,48.51,48.51,48.51,200
204,48.5,48.5,48.5,48.5,2860
205,48.499,48.51,48.499,48.5,1915
206,48.49,48.49,48.49,48.49,350
207,48.48,48.48,48.48,48.48,100
208,48.48,48.48,48.48,48.48,100
209,48.48,48.48,48.48,48.48,400
210,48.48,48.48,48.48,48.48,1105
211,48.5,48.5,48.5,48.5,300
212,48.5,48.5,48.5,48.5,1100
214,48.49,48.49,48.49,48.49,1762
215,48.48,48.48,48.48,48.48,3200
216,48.49,48.49,48.49,48.49,1200
218,48.485,48.485,48.485,48.485,438
219,48.48,48.48,48.48,48.48,100
220,48.47,48.47,48.47,48.47,600
221,48.49,48.49,48.49,48.49,1600
222,48.48,48.48,48.48,48.48,800
223,48.47,48.47,48.47,48.47,2482
229,48.49,48.49,48.49,48.49,110
230,48.47,48.48,48.47,48.48,1000
232,48.46,48.46,48.46,48.46,1026
233,48.46,48.46,48.46,48.46,100
234,48.46,48.46,48.46,48.46,500
235,48.44,48.45,48.44,48.45,1055
236,48.45,48.45,48.45,48.45,586
237,48.45,48.45,48.45,48.45,425
240,48.46,48.46,48.46,48.46,200
242,48.459,48.459,48.459,48.459,152
245,48.44,48.44,48.44,48.44,625
248,48.44,48.44,48.44,48.44,405
250,48.44,48.44,48.44,48.44,100
251,48.44,48.44,48.44,48.44,300
252,48.44,48.44,48.44,48.44,800
253,48.46,48.46,48.46,48.46,557
256,48.45,48.45,48.45,48.45,1550
260,48.46,48.46,48.45,48.45,700
261,48.46,48.46,48.46,48.46,200
264,48.49,48.49,48.49,48.49,200
269,48.489,48.489,48.488,48.488,5556
270,48.49,48.49,48.49,48.49,1900
272,48.5,48.5,48.5,48.5,100
277,48.53,48.53,48.53,48.53,200
278,48.525,48.525,48.525,48.525,168
279,48.525,48.525,48.525,48.525,410
280,48.54,48.54,48.54,48.54,830
283,48.549,48.55,48.549,48.55,5056
285,48.54,48.54,48.54,48.54,100
289,48.53,48.53,48.53,48.53,1605
291,48.52,48.52,48.52,48.52,500
292,48.5,48.51,48.5,48.51,491
293,48.49,48.49,48.49,48.49,200
294,48.49,48.49,48.49,48.49,673
296,48.5,48.5,48.5,48.5,523
297,48.51,48.51,48.51,48.51,1400
298,48.5,48.5,48.5,48.5,100
299,48.5,48.51,48.5,48.51,311
300,48.5,48.5,48.499,48.499,280
304,48.508,48.508,48.508,48.508,309
308,48.48,48.48,48.48,48.48,119
310,48.45,48.458,48.45,48.458,805
313,48.435,48.435,48.435,48.435,100
314,48.44,48.44,48.43,48.43,1391
316,48.44,48.44,48.44,48.44,1401
317,48.45,48.45,48.45,48.45,1000
321,48.45,48.45,48.45,48.45,1400
322,48.46,48.46,48.46,48.46,300
326,48.47,48.47,48.47,48.47,100
330,48.44,48.45,48.44,48.45,871
331,48.44,48.44,48.44,48.44,3600
332,48.47,48.475,48.45,48.45,8346
333,48.48,48.48,48.47,48.47,2695
335,48.49,48.49,48.49,48.49,1909
336,48.495,48.505,48.495,48.5,1063
337,48.48,48.49,48.48,48.49,3000
338,48.48,48.48,48.48,48.48,1347
339,48.48,48.48,48.48,48.48,1295
340,48.485,48.485,48.485,48.485,500
341,48.48,48.48,48.48,48.48,100
342,48.47,48.47,48.47,48.47,110
343,48.46,48.46,48.45,48.46,1777
345,48.469,48.469,48.469,48.469,120
347,48.45,48.46,48.45,48.46,1520
348,48.46,48.46,48.46,48.46,573
350,48.47,48.47,48.47,48.47,1000
352,48.47,48.47,48.47,48.47,1315
355,48.47,48.47,48.46,48.46,957
356,48.46,48.489,48.46,48.489,4447
357,48.45,48.45,48.45,48.45,100
359,48.45,48.45,48.45,48.45,1328
361,48.45,48.45,48.45,48.45,2000
363,48.459,48.459,48.459,48.459,300
364,48.44,48.44,48.44,48.44,300
365,48.43,48.43,48.43,48.43,1751
366,48.449,48.449,48.44,48.44,1810
367,48.44,48.44,48.44,48.44,100
369,48.455,48.455,48.45,48.45,200
371,48.43,48.43,48.429,48.43,477
375,48.43,48.43,48.43,48.43,4181
376,48.429,48.429,48.429,48.429,2000
379,48.44,48.44,48.44,48.44,2557
381,48.45,48.45,48.44,48.44,1104
383,48.459,48.46,48.45,48.45,3751
385,48.45,48.45,48.45,48.45,3163
386,48.47,48.47,48.46,48.46,2600
387,48.47,48.47,48.47,48.47,600
389,48.459,48.459,48.459,48.459,600
390,48.47,48.47,48.46,48.46,2134
TIMEZONE_OFFSET=-240
a1425907800,48.5,48.5,48.5,48.5,21762
1,48.52,48.54,48.52,48.54,322
2,48.53,48.54,48.53,48.53,3071
3,48.5,48.515,48.5,48.515,13900
4,48.5,48.51,48.5,48.51,2300
5,48.49,48.49,48.49,48.49,549
7,48.47,48.49,48.47,48.49,1495
8,48.46,48.46,48.46,48.46,100
9,48.48,48.48,48.46,48.46,1191
11,48.495,48.495,48.49,48.49,2000
12,48.49,48.495,48.49,48.495,2700
13,48.47,48.48,48.47,48.48,1510
14,48.47,48.47,48.47,48.47,100
15,48.48,48.48,48.48,48.48,1200
16,48.47,48.48,48.47,48.48,1500
17,48.47,48.47,48.47,48.47,700
18,48.475,48.475,48.475,48.475,100
22,48.47,48.47,48.47,48.47,1000
23,48.46,48.46,48.46,48.46,1600
24,48.46,48.46,48.46,48.46,800
26,48.47,48.47,48.47,48.47,1900
27,48.46,48.46,48.46,48.46,4400
28,48.46,48.46,48.46,48.46,400
29,48.47,48.47,48.47,48.47,200
31,48.48,48.48,48.48,48.48,1525
32,48.47,48.48,48.47,48.48,4302
33,48.47,48.47,48.47,48.47,1100
34,48.46,48.47,48.46,48.47,2300
37,48.48,48.48,48.48,48.48,500
39,48.49,48.49,48.49,48.49,598
40,48.485,48.49,48.485,48.49,1653
43,48.49,48.49,48.49,48.49,900
46,48.5,48.5,48.5,48.5,1296
48,48.49,48.49,48.49,48.49,300
50,48.5,48.5,48.5,48.5,617
53,48.51,48.51,48.51,48.51,300
55,48.5,48.505,48.5,48.505,1082
56,48.47,48.47,48.47,48.47,500
57,48.46,48.46,48.46,48.46,400
58,48.46,48.46,48.46,48.46,100
59,48.46,48.46,48.46,48.46,300
60,48.47,48.47,48.47,48.47,500
61,48.47,48.47,48.47,48.47,100
63,48.48,48.48,48.48,48.48,1200
64,48.47,48.47,48.47,48.47,295
67,48.48,48.48,48.48,48.48,2161
68,48.47,48.47,48.47,48.47,600
69,48.47,48.47,48.47,48.47,100
70,48.46,48.46,48.46,48.46,400
73,48.47,48.47,48.46,48.46,3100
76,48.47,48.47,48.47,48.47,3100
77,48.47,48.47,48.47,48.47,324
78,48.469,48.469,48.469,48.469,206
79,48.47,48.47,48.47,48.47,1300
80,48.47,48.47,48.47,48.47,1800
82,48.48,48.48,48.48,48.48,504
84,48.47,48.47,48.47,48.47,100
85,48.47,48.47,48.47,48.47,500
87,48.46,48.46,48.46,48.46,1385
88,48.46,48.46,48.46,48.46,2200
90,48.44,48.45,48.44,48.45,1669
94,48.45,48.45,48.45,48.45,100
97,48.46,48.46,48.46,48.46,234
98,48.47,48.475,48.47,48.47,1354
101,48.47,48.47,48.47,48.47,1000
103,48.46,48.46,48.46,48.46,300
105,48.46,48.46,48.46,48.46,100
107,48.47,48.47,48.47,48.47,1500
108,48.46,48.46,48.46,48.46,3300
111,48.44,48.44,48.44,48.44,3441
112,48.44,48.44,48.44,48.44,100
113,48.43,48.43,48.43,48.43,465
115,48.44,48.44,48.43,48.43,700
124,48.48,48.48,48.48,48.48,200
127,48.47,48.47,48.46,48.46,1057
128,48.48,48.48,48.48,48.48,1000
130,48.45,48.45,48.45,48.45,200
136,48.46,48.46,48.46,48.46,2500
141,48.46,48.46,48.46,48.46,682
142,48.45,48.45,48.45,48.45,300
148,48.43,48.43,48.43,48.43,600
153,48.42,48.43,48.42,48.43,1400
157,48.41,48.41,48.41,48.41,755
160,48.39,48.4,48.39,48.4,4422
161,48.39,48.39,48.39,48.39,100
162,48.4,48.4,48.4,48.4,100
164,48.41,48.41,48.41,48.41,1020
167,48.41,48.41,48.41,48.41,100
175,48.42,48.42,48.42,48.42,300
180,48.42,48.42,48.42,48.42,1814
183,48.43,48.43,48.42,48.42,300
184,48.43,48.43,48.43,48.43,100
186,48.44,48.44,48.44,48.44,100
190,48.44,48.44,48.44,48.44,2054
194,48.45,48.45,48.44,48.44,3420
201,48.46,48.46,48.46,48.46,2900
206,48.46,48.46,48.46,48.46,8050
212,48.465,48.465,48.465,48.465,200
214,48.465,48.465,48.465,48.465,200
216,48.46,48.46,48.46,48.46,3300
222,48.46,48.46,48.46,48.46,100
223,48.46,48.46,48.46,48.46,500
228,48.46,48.46,48.46,48.46,911
231,48.45,48.45,48.45,48.45,1500
232,48.45,48.45,48.45,48.45,500
233,48.47,48.47,48.46,48.46,1799
234,48.48,48.48,48.47,48.47,600
239,48.47,48.47,48.47,48.47,1296
240,48.47,48.47,48.47,48.47,700
241,48.48,48.48,48.48,48.48,400
252,48.51,48.51,48.51,48.51,500
266,48.515,48.515,48.515,48.515,200
267,48.51,48.515,48.51,48.515,2700
268,48.505,48.505,48.505,48.505,200
272,48.505,48.505,48.505,48.505,200
274,48.5,48.5,48.5,48.5,262
280,48.495,48.495,48.495,48.495,100
283,48.5,48.5,48.5,48.5,200
286,48.495,48.495,48.495,48.495,100
287,48.5,48.5,48.5,48.5,100
288,48.49,48.495,48.49,48.495,3700
290,48.49,48.49,48.49,48.49,2200
297,48.485,48.485,48.485,48.485,200
301,48.48,48.48,48.48,48.48,1127
302,48.47,48.47,48.47,48.47,700
306,48.47,48.47,48.47,48.47,1086
308,48.465,48.465,48.465,48.465,200
318,48.49,48.49,48.48,48.48,700
321,48.5,48.5,48.49,48.49,2433
326,48.52,48.52,48.52,48.52,700
328,48.52,48.52,48.52,48.52,1150
335,48.51,48.51,48.51,48.51,800
340,48.51,48.51,48.51,48.51,1731
342,48.51,48.51,48.51,48.51,800
345,48.52,48.52,48.52,48.52,200
348,48.51,48.51,48.51,48.51,711
351,48.5,48.5,48.5,48.5,5000
353,48.5,48.5,48.5,48.5,400
361,48.54,48.54,48.52,48.52,2088
362,48.54,48.54,48.54,48.54,1786
367,48.54,48.54,48.535,48.535,6510
368,48.53,48.53,48.53,48.53,200
369,48.53,48.53,48.53,48.53,510
370,48.529,48.529,48.529,48.529,325
373,48.53,48.53,48.53,48.53,272
374,48.52,48.52,48.52,48.52,200
376,48.52,48.52,48.52,48.52,580
377,48.53,48.53,48.53,48.53,1785
380,48.53,48.53,48.53,48.53,100
381,48.535,48.535,48.535,48.535,100
382,48.52,48.53,48.52,48.53,1600
385,48.51,48.51,48.51,48.51,1086
386,48.51,48.51,48.51,48.51,5230
387,48.509,48.509,48.509,48.509,413
389,48.5,48.505,48.5,48.505,2374
390,48.49,48.495,48.48,48.495,5072
a1425994200,47.78,47.78,47.78,47.78,27940
1,47.78,47.78,47.71,47.75,2780
2,47.73,47.76,47.73,47.75,2810
3,47.76,47.76,47.73,47.74,3422
4,47.76,47.77,47.76,47.77,2300
5,47.76,47.76,47.76,47.76,700
6,47.76,47.77,47.76,47.77,1027
7,47.77,47.77,47.74,47.75,9971
8,47.76,47.77,47.76,47.77,6020
9,47.76,47.76,47.76,47.76,2716
10,47.76,47.76,47.75,47.75,1127
11,47.78,47.78,47.76,47.76,1400
12,47.79,47.8,47.79,47.8,1800
13,47.78,47.8,47.78,47.79,1875
14,47.78,47.78,47.78,47.78,1227
15,47.75,47.78,47.75,47.775,900
18,47.76,47.76,47.76,47.76,800
19,47.75,47.76,47.745,47.76,5042
20,47.75,47.75,47.75,47.75,870
21,47.72,47.72,47.72,47.72,1381
22,47.7,47.71,47.7,47.71,2600
23,47.7,47.7,47.7,47.7,100
24,47.708,47.708,47.708,47.708,100
25,47.72,47.72,47.71,47.71,1689
26,47.708,47.708,47.7,47.7,500
28,47.7,47.7,47.7,47.7,1300
29,47.7,47.7,47.69,47.69,200
31,47.7,47.7,47.7,47.7,1100
32,47.69,47.69,47.69,47.69,700
36,47.67,47.67,47.67,47.67,1440
37,47.65,47.67,47.65,47.67,2400
38,47.64,47.64,47.64,47.64,500
39,47.64,47.64,47.64,47.64,307
40,47.65,47.65,47.65,47.65,600
42,47.65,47.65,47.65,47.65,500
44,47.65,47.65,47.65,47.65,2200
45,47.64,47.64,47.64,47.64,1600
46,47.64,47.64,47.63,47.63,900
47,47.62,47.62,47.62,47.62,631
48,47.62,47.62,47.62,47.62,1300
51,47.62,47.62,47.62,47.62,1000
52,47.62,47.62,47.62,47.62,600
54,47.62,47.62,47.62,47.62,2600
56,47.62,47.62,47.61,47.61,1871
57,47.62,47.62,47.62,47.62,500
58,47.61,47.61,47.61,47.61,869
59,47.61,47.61,47.61,47.61,321
62,47.61,47.61,47.61,47.61,1000
65,47.62,47.62,47.62,47.62,1820
67,47.62,47.63,47.62,47.63,1700
69,47.62,47.62,47.62,47.62,3745
72,47.67,47.67,47.67,47.67,2179
73,47.67,47.67,47.67,47.67,300
74,47.65,47.65,47.65,47.65,259
77,47.66,47.66,47.66,47.66,100
78,47.66,47.66,47.66,47.66,323
79,47.66,47.66,47.66,47.66,547
80,47.67,47.67,47.67,47.67,600
82,47.71,47.71,47.71,47.71,500
88,47.748,47.749,47.748,47.748,1000
90,47.74,47.74,47.74,47.74,1586
92,47.74,47.74,47.74,47.74,700
96,47.75,47.75,47.75,47.75,500
97,47.75,47.75,47.75,47.75,500
99,47.76,47.76,47.76,47.76,2500
101,47.755,47.76,47.755,47.76,300
102,47.74,47.75,47.74,47.75,1082
103,47.74,47.74,47.74,47.74,453
106,47.77,47.77,47.77,47.77,846
107,47.77,47.77,47.77,47.77,557
109,47.75,47.75,47.75,47.75,1700
111,47.76,47.76,47.76,47.76,1600
114,47.74,47.75,47.74,47.75,600
115,47.73,47.73,47.73,47.73,500
119,47.72,47.72,47.72,47.72,500
124,47.72,47.72,47.72,47.72,400
125,47.71,47.71,47.71,47.71,1100
128,47.67,47.67,47.67,47.67,100
129,47.66,47.67,47.66,47.67,1900
130,47.65,47.65,47.65,47.65,820
134,47.64,47.64,47.64,47.64,200
137,47.63,47.63,47.63,47.63,1000
140,47.62,47.62,47.62,47.62,200
141,47.62,47.62,47.62,47.62,1600
143,47.62,47.62,47.62,47.62,800
145,47.6,47.6,47.6,47.6,200
146,47.6,47.6,47.6,47.6,500
147,47.6,47.6,47.6,47.6,600
148,47.578,47.578,47.578,47.578,700
149,47.56,47.57,47.56,47.57,1465
151,47.52,47.52,47.52,47.52,100
152,47.52,47.52,47.515,47.515,420
153,47.51,47.51,47.51,47.51,500
154,47.505,47.51,47.505,47.51,900
156,47.49,47.5,47.49,47.5,11902
158,47.51,47.51,47.51,47.51,400
159,47.51,47.51,47.51,47.51,100
160,47.51,47.51,47.51,47.51,200
161,47.56,47.56,47.549,47.549,1100
162,47.56,47.56,47.56,47.56,300
163,47.55,47.55,47.55,47.55,500
165,47.55,47.55,47.55,47.55,249
169,47.53,47.53,47.53,47.53,900
172,47.52,47.52,47.52,47.52,100
173,47.505,47.505,47.505,47.505,100
176,47.5,47.5,47.5,47.5,1245
181,47.48,47.48,47.47,47.47,500
182,47.47,47.48,47.47,47.48,619
183,47.47,47.47,47.47,47.47,100
184,47.47,47.47,47.47,47.47,1600
186,47.46,47.46,47.46,47.46,100
187,47.469,47.469,47.46,47.46,1462
189,47.5,47.5,47.49,47.49,6800
190,47.51,47.51,47.51,47.51,137
192,47.52,47.52,47.52,47.52,100
196,47.52,47.53,47.52,47.53,1400
197,47.53,47.53,47.53,47.53,500
203,47.52,47.52,47.52,47.52,100
205,47.53,47.53,47.53,47.53,500
209,47.525,47.525,47.525,47.525,500
210,47.52,47.52,47.52,47.52,200
215,47.53,47.53,47.53,47.53,500
216,47.54,47.54,47.54,47.54,1685
218,47.54,47.54,47.54,47.54,900
219,47.52,47.52,47.52,47.52,100
220,47.52,47.52,47.515,47.519,1100
221,47.5,47.5,47.5,47.5,1800
224,47.52,47.52,47.52,47.52,123
225,47.52,47.52,47.52,47.52,200
227,47.52,47.52,47.52,47.52,100
228,47.54,47.54,47.54,47.54,300
230,47.53,47.53,47.53,47.53,100
231,47.54,47.54,47.54,47.54,300
233,47.58,47.59,47.58,47.59,1200
239,47.57,47.58,47.57,47.58,733
241,47.55,47.55,47.55,47.55,400
246,47.54,47.54,47.54,47.54,300
247,47.55,47.55,47.55,47.55,1900
249,47.54,47.54,47.54,47.54,100
250,47.54,47.54,47.54,47.54,200
251,47.53,47.53,47.53,47.53,400
252,47.539,47.539,47.539,47.539,350
253,47.53,47.53,47.53,47.53,200
254,47.53,47.53,47.53,47.53,200
258,47.56,47.56,47.56,47.56,746
259,47.56,47.56,47.56,47.56,357
264,47.56,47.56,47.56,47.56,400
267,47.57,47.57,47.57,47.57,904
270,47.56,47.56,47.56,47.56,500
271,47.569,47.569,47.569,47.569,210
274,47.57,47.57,47.57,47.57,1600
280,47.61,47.61,47.6,47.6,28036
281,47.61,47.61,47.61,47.61,2500
282,47.61,47.61,47.61,47.61,14403
283,47.59,47.6,47.59,47.6,1794
284,47.56,47.56,47.56,47.56,100
285,47.54,47.55,47.54,47.55,1585
286,47.55,47.55,47.55,47.55,5300
287,47.56,47.56,47.555,47.555,1903
290,47.538,47.538,47.538,47.538,183
291,47.52,47.53,47.51,47.53,4200
292,47.52,47.52,47.52,47.52,600
295,47.505,47.51,47.505,47.51,600
302,47.51,47.51,47.509,47.509,300
303,47.51,47.51,47.51,47.51,500
307,47.51,47.52,47.51,47.52,1300
308,47.5,47.5,47.5,47.5,985
310,47.509,47.509,47.509,47.509,235
313,47.5,47.505,47.5,47.5,600
314,47.5,47.5,47.5,47.5,3120
316,47.52,47.52,47.51,47.51,10100
318,47.53,47.53,47.53,47.53,500
320,47.51,47.51,47.51,47.51,1504
321,47.5,47.5,47.5,47.5,2210
324,47.51,47.51,47.51,47.51,100
325,47.5,47.505,47.495,47.505,6425
328,47.475,47.48,47.475,47.48,1200
329,47.48,47.48,47.48,47.48,2300
330,47.48,47.48,47.48,47.48,500
331,47.485,47.485,47.48,47.48,3300
332,47.5,47.5,47.495,47.495,1600
333,47.5,47.5,47.5,47.5,5696
335,47.48,47.5,47.48,47.5,1780
336,47.495,47.495,47.49,47.49,200
337,47.49,47.49,47.49,47.49,826
338,47.5,47.5,47.495,47.495,4736
339,47.505,47.505,47.5,47.5,1836
341,47.49,47.5,47.49,47.5,200
342,47.5,47.5,47.5,47.5,315
344,47.49,47.49,47.49,47.49,100
345,47.49,47.49,47.49,47.49,300
347,47.49,47.49,47.49,47.49,350
348,47.509,47.509,47.509,47.509,200
350,47.52,47.52,47.52,47.52,100
353,47.53,47.53,47.53,47.53,600
354,47.515,47.515,47.515,47.515,300
356,47.53,47.53,47.525,47.525,1900
357,47.52,47.52,47.52,47.52,300
360,47.5,47.51,47.5,47.51,1500
361,47.485,47.49,47.485,47.49,480
362,47.47,47.47,47.47,47.47,100
363,47.47,47.47,47.47,47.47,500
364,47.475,47.475,47.47,47.47,436
365,47.48,47.48,47.48,47.48,300
366,47.485,47.485,47.485,47.485,100
367,47.489,47.489,47.489,47.489,136
368,47.49,47.49,47.49,47.49,438
369,47.49,47.49,47.49,47.49,2200
371,47.49,47.49,47.49,47.49,1300
373,47.5,47.5,47.498,47.498,2628
375,47.5,47.5,47.5,47.5,2892
376,47.5,47.5,47.5,47.5,100
379,47.5,47.505,47.5,47.505,27154
381,47.495,47.495,47.495,47.495,1482
382,47.485,47.49,47.485,47.49,2466
383,47.47,47.48,47.47,47.48,4800
385,47.48,47.48,47.48,47.48,1000
386,47.47,47.47,47.47,47.47,700
387,47.46,47.46,47.46,47.46,520
388,47.46,47.46,47.46,47.46,17483
389,47.46,47.465,47.46,47.46,2200
390,47.45,47.47,47.45,47.47,5163
a1426080600,47.56,47.56,47.56,47.56,11146
1,47.55,47.55,47.55,47.55,100
3,47.54,47.54,47.54,47.54,103
5,47.55,47.55,47.55,47.55,437
7,47.54,47.54,47.54,47.54,237
11,47.52,47.52,47.52,47.52,700
13,47.56,47.56,47.55,47.55,500
14,47.57,47.57,47.57,47.57,500
18,47.58,47.58,47.58,47.58,200
19,47.56,47.57,47.56,47.57,2027
20,47.56,47.56,47.56,47.56,500
22,47.55,47.56,47.55,47.56,1100
23,47.535,47.55,47.535,47.55,2043
24,47.54,47.54,47.54,47.54,100
25,47.55,47.55,47.55,47.55,100
26,47.54,47.54,47.54,47.54,300
28,47.569,47.569,47.569,47.569,148
30,47.57,47.57,47.57,47.57,400
31,47.59,47.59,47.59,47.59,300
35,47.57,47.57,47.57,47.57,500
37,47.609,47.609,47.609,47.609,525
41,47.59,47.59,47.59,47.59,100
42,47.588,47.59,47.588,47.59,541
46,47.55,47.55,47.55,47.55,300
47,47.54,47.54,47.54,47.54,700
49,47.54,47.54,47.54,47.54,100
51,47.54,47.54,47.54,47.54,1200
52,47.54,47.54,47.54,47.54,400
54,47.55,47.55,47.55,47.55,2526
55,47.56,47.56,47.56,47.56,600
56,47.56,47.57,47.56,47.57,687
57,47.57,47.57,47.57,47.57,3900
59,47.57,47.57,47.57,47.57,100
60,47.58,47.58,47.58,47.58,1100
61,47.56,47.56,47.56,47.56,100
62,47.55,47.55,47.55,47.55,100
63,47.53,47.53,47.53,47.53,900
64,47.53,47.53,47.53,47.53,100
67,47.475,47.475,47.475,47.475,700
69,47.45,47.46,47.45,47.46,757
70,47.44,47.44,47.43,47.43,1100
72,47.465,47.465,47.465,47.465,640
73,47.45,47.45,47.45,47.45,100
79,47.45,47.45,47.45,47.45,1900
80,47.455,47.47,47.455,47.47,900
81,47.455,47.455,47.455,47.455,100
83,47.45,47.45,47.445,47.449,1215
84,47.459,47.459,47.458,47.458,1096
85,47.48,47.48,47.47,47.47,1200
87,47.46,47.47,47.46,47.47,462
89,47.46,47.46,47.46,47.46,200
91,47.46,47.46,47.46,47.46,1109
92,47.48,47.48,47.48,47.48,600
97,47.43,47.43,47.43,47.43,139
99,47.44,47.44,47.44,47.44,115
101,47.46,47.46,47.46,47.46,400
102,47.48,47.48,47.48,47.48,2000
103,47.48,47.48,47.48,47.48,100
105,47.51,47.51,47.51,47.51,1122
110,47.5,47.51,47.5,47.51,1601
113,47.52,47.52,47.52,47.52,200
116,47.53,47.53,47.53,47.53,100
120,47.61,47.61,47.6,47.6,1200
121,47.62,47.62,47.62,47.62,100
122,47.62,47.62,47.62,47.62,100
127,47.64,47.64,47.64,47.64,800
128,47.62,47.64,47.62,47.64,700
130,47.6,47.6,47.6,47.6,492
134,47.63,47.63,47.63,47.63,600
135,47.62,47.63,47.62,47.63,1751
138,47.63,47.63,47.63,47.63,2941
142,47.61,47.61,47.61,47.61,500
143,47.61,47.61,47.61,47.61,100
149,47.62,47.62,47.62,47.62,100
152,47.64,47.64,47.64,47.64,1244
154,47.63,47.63,47.63,47.63,100
156,47.64,47.64,47.64,47.64,600
157,47.63,47.63,47.63,47.63,800
160,47.61,47.61,47.61,47.61,100
163,47.63,47.63,47.63,47.63,726
169,47.68,47.68,47.68,47.68,507
170,47.69,47.69,47.69,47.69,523
172,47.69,47.69,47.69,47.69,600
173,47.68,47.68,47.68,47.68,100
175,47.66,47.67,47.66,47.67,700
180,47.66,47.66,47.66,47.66,100
182,47.65,47.65,47.65,47.65,500
183,47.64,47.64,47.64,47.64,700
185,47.63,47.63,47.63,47.63,200
195,47.631,47.635,47.631,47.635,2000
196,47.64,47.64,47.64,47.64,100
204,47.64,47.64,47.64,47.64,100
207,47.64,47.64,47.64,47.64,200
208,47.63,47.63,47.63,47.63,100
214,47.63,47.63,47.63,47.63,700
215,47.62,47.62,47.62,47.62,500
218,47.62,47.62,47.62,47.62,600
223,47.63,47.63,47.63,47.63,100
224,47.63,47.63,47.63,47.63,1300
225,47.64,47.64,47.64,47.64,100
228,47.63,47.63,47.63,47.63,600
230,47.62,47.62,47.62,47.62,209
235,47.61,47.61,47.61,47.61,284
236,47.6,47.6,47.6,47.6,395
238,47.61,47.61,47.59,47.59,1200
239,47.6,47.6,47.58,47.59,1794
242,47.57,47.58,47.57,47.58,369
243,47.575,47.575,47.575,47.575,100
248,47.58,47.58,47.57,47.57,1300
249,47.57,47.57,47.57,47.57,1088
251,47.56,47.56,47.56,47.56,100
254,47.52,47.52,47.52,47.52,600
255,47.52,47.52,47.52,47.52,100
256,47.52,47.52,47.52,47.52,800
257,47.5,47.5,47.5,47.5,1000
260,47.48,47.48,47.48,47.48,200
262,47.47,47.47,47.47,47.47,581
265,47.49,47.49,47.48,47.48,1000
270,47.55,47.55,47.55,47.55,705
271,47.55,47.55,47.55,47.55,450
277,47.6,47.6,47.6,47.6,200
279,47.602,47.602,47.602,47.602,100
282,47.61,47.61,47.61,47.61,5100
284,47.6,47.6,47.6,47.6,1497
286,47.6,47.6,47.59,47.59,2800
287,47.62,47.62,47.61,47.61,4626
288,47.65,47.65,47.62,47.62,5165
289,47.65,47.65,47.65,47.65,590
291,47.64,47.64,47.64,47.64,1637
292,47.64,47.64,47.64,47.64,1200
293,47.62,47.63,47.62,47.63,1600
295,47.62,47.62,47.62,47.62,1000
297,47.63,47.63,47.63,47.63,1000
299,47.63,47.63,47.63,47.63,1238
301,47.635,47.635,47.635,47.635,200
304,47.63,47.63,47.63,47.63,1300
305,47.64,47.64,47.63,47.63,2526
308,47.67,47.67,47.67,47.67,1168
311,47.65,47.65,47.65,47.65,500
312,47.64,47.64,47.64,47.64,700
314,47.63,47.63,47.63,47.63,2926
317,47.64,47.64,47.63,47.63,2900
318,47.64,47.64,47.64,47.64,574
320,47.62,47.62,47.62,47.62,1631
325,47.66,47.66,47.66,47.66,126
334,47.66,47.66,47.66,47.66,100
342,47.64,47.64,47.64,47.64,785
343,47.62,47.63,47.62,47.63,900
346,47.62,47.62,47.61,47.61,696
347,47.65,47.65,47.64,47.64,2597
352,47.64,47.64,47.64,47.64,100
354,47.62,47.62,47.62,47.62,399
355,47.62,47.62,47.62,47.62,159
357,47.62,47.62,47.62,47.62,1800
358,47.64,47.64,47.63,47.63,1031
359,47.615,47.615,47.615,47.615,100
360,47.61,47.61,47.61,47.61,100
362,47.59,47.59,47.59,47.59,130
363,47.59,47.59,47.59,47.59,3800
365,47.57,47.57,47.565,47.565,500
366,47.58,47.58,47.58,47.58,800
367,47.58,47.58,47.575,47.575,500
368,47.58,47.58,47.58,47.58,500
373,47.59,47.59,47.59,47.59,100
374,47.59,47.59,47.59,47.59,100
375,47.59,47.59,47.59,47.59,300
380,47.58,47.59,47.58,47.59,3948
381,47.58,47.58,47.58,47.58,467
385,47.59,47.59,47.59,47.59,4526
386,47.59,47.595,47.59,47.59,11240
387,47.619,47.619,47.6,47.6,8000
390,47.59,47.615,47.59,47.615,2572
a1426167000,48.14,48.14,48.14,48.14,21478
2,48.17,48.17,48.17,48.17,300
4,48.16,48.16,48.16,48.16,100
5,48.17,48.17,48.16,48.17,500
6,48.14,48.16,48.14,48.16,400
7,48.16,48.16,48.16,48.16,3971
9,48.189,48.189,48.18,48.18,600
10,48.16,48.16,48.16,48.16,300
11,48.17,48.17,48.17,48.17,500
12,48.16,48.17,48.16,48.17,1000
13,48.17,48.17,48.17,48.17,800
14,48.17,48.18,48.17,48.18,300
15,48.17,48.18,48.17,48.17,500
16,48.178,48.178,48.178,48.178,140
17,48.19,48.19,48.189,48.189,1534
18,48.19,48.19,48.19,48.19,600
19,48.19,48.19,48.19,48.19,300
22,48.2,48.2,48.2,48.2,100
24,48.16,48.16,48.16,48.16,500
25,48.16,48.16,48.16,48.16,5000
26,48.16,48.16,48.16,48.16,500
27,48.14,48.14,48.14,48.14,500
28,48.13,48.13,48.13,48.13,600
29,48.109,48.12,48.109,48.12,1100
31,48.095,48.11,48.095,48.11,901
32,48.06,48.08,48.06,48.08,1770
33,48.08,48.08,48.08,48.08,500
34,48.07,48.07,48.07,48.07,2700
37,48.08,48.09,48.08,48.09,976
38,48.07,48.07,48.07,48.07,500
39,48.08,48.08,48.08,48.08,100
46,48.08,48.08,48.08,48.08,100
47,48.08,48.09,48.08,48.09,200
48,48.06,48.06,48.06,48.06,500
49,48.05,48.05,48.05,48.05,100
52,48.08,48.08,48.08,48.08,700
53,48.09,48.09,48.09,48.09,1400
54,48.11,48.11,48.11,48.11,100
56,48.13,48.13,48.13,48.13,100
60,48.14,48.14,48.14,48.14,400
63,48.15,48.15,48.15,48.15,345
65,48.15,48.16,48.15,48.15,3124
67,48.14,48.15,48.14,48.15,4008
68,48.14,48.14,48.14,48.14,158
70,48.11,48.11,48.11,48.11,2305
71,48.12,48.12,48.12,48.12,1200
72,48.09,48.09,48.09,48.09,200
74,48.08,48.08,48.08,48.08,603
76,48.09,48.09,48.09,48.09,115
77,48.09,48.09,48.09,48.09,100
81,48.1,48.1,48.1,48.1,500
83,48.11,48.11,48.11,48.11,914
84,48.11,48.11,48.11,48.11,495
88,48.16,48.16,48.16,48.16,184
89,48.17,48.17,48.17,48.17,233
90,48.155,48.155,48.155,48.155,700
92,48.14,48.14,48.14,48.14,500
96,48.11,48.11,48.11,48.11,100
97,48.11,48.11,48.11,48.11,500
98,48.12,48.12,48.12,48.12,200
102,48.15,48.15,48.14,48.14,1100
104,48.15,48.16,48.15,48.16,600
105,48.15,48.15,48.15,48.15,3700
106,48.17,48.17,48.16,48.16,2452
107,48.16,48.17,48.16,48.165,8991
109,48.17,48.17,48.16,48.16,4394
112,48.17,48.17,48.17,48.17,6768
114,48.14,48.14,48.14,48.14,174
115,48.15,48.15,48.15,48.15,600
117,48.16,48.16,48.16,48.16,700
118,48.16,48.16,48.16,48.16,600
120,48.15,48.15,48.15,48.15,200
122,48.16,48.16,48.16,48.16,1000
127,48.12,48.12,48.12,48.12,500
129,48.16,48.16,48.16,48.16,115
130,48.14,48.14,48.14,48.14,700
132,48.13,48.13,48.13,48.13,200
134,48.12,48.12,48.12,48.12,261
139,48.13,48.13,48.13,48.13,200
140,48.13,48.13,48.13,48.13,600
141,48.12,48.12,48.12,48.12,295
142,48.13,48.13,48.13,48.13,100
144,48.1,48.11,48.1,48.11,600
146,48.08,48.08,48.08,48.08,2200
147,48.07,48.08,48.07,48.08,1426
149,48.08,48.08,48.08,48.08,1583
150,48.09,48.09,48.09,48.09,115
157,48.07,48.07,48.07,48.07,600
158,48.06,48.06,48.06,48.06,169
161,48.06,48.06,48.06,48.06,500
167,48.08,48.08,48.08,48.08,2102
170,48.08,48.08,48.08,48.08,500
172,48.07,48.07,48.07,48.07,400
175,48.06,48.06,48.06,48.06,288
177,48.065,48.065,48.065,48.065,100
178,48.07,48.07,48.07,48.07,100
179,48.06,48.06,48.06,48.06,700
185,48.045,48.045,48.045,48.045,500
186,48.04,48.045,48.04,48.045,600
188,48.02,48.02,48.02,48.02,400
189,48.01,48.01,48.01,48.01,700
190,48,48,48,48,110
203,47.99,47.99,47.99,47.99,600
204,48.01,48.01,48.01,48.01,254
207,48.02,48.02,48.02,48.02,208
210,48.03,48.039,48.03,48.035,6900
212,48.02,48.03,48.02,48.03,1328
216,48.03,48.03,48.02,48.02,2330
218,48.04,48.04,48.039,48.039,1300
219,48.04,48.04,48.04,48.04,1718
229,48.04,48.04,48.04,48.04,295
231,48.02,48.04,48.02,48.04,2311
236,48,48,48,48,272
241,48,48,48,48,600
242,47.99,47.99,47.99,47.99,1697
243,48.01,48.01,48.01,48.01,2391
244,48.01,48.01,48.01,48.01,100
245,48.01,48.01,48.01,48.01,400
246,48.02,48.02,48.02,48.02,400
247,48.029,48.029,48.029,48.029,200
248,48.03,48.03,48.03,48.03,1200
250,48.03,48.03,48.03,48.03,2300
251,48.04,48.04,48.03,48.03,1385
253,48.04,48.04,48.04,48.04,100
255,48.049,48.049,48.049,48.049,265
256,48.03,48.05,48.03,48.05,600
261,48.05,48.05,48.04,48.04,1472
267,48.06,48.06,48.06,48.06,150
268,48.059,48.059,48.059,48.059,450
269,48.04,48.05,48.04,48.05,709
270,48.04,48.04,48.04,48.04,100
271,48.04,48.04,48.04,48.04,100
272,48.03,48.03,48.03,48.03,3804
275,48.03,48.03,48.03,48.03,100
276,48.02,48.02,48.02,48.02,100
279,48.04,48.04,48.04,48.04,100
292,48.055,48.055,48.055,48.055,100
299,48.055,48.06,48.055,48.06,2192
300,48.06,48.06,48.06,48.06,3600
302,48.07,48.07,48.07,48.07,100
303,48.06,48.06,48.06,48.06,1994
304,48.05,48.05,48.05,48.05,400
307,48.049,48.049,48.049,48.049,420
311,48.035,48.035,48.035,48.035,325
313,48.025,48.03,48.025,48.03,300
317,48.03,48.03,48.03,48.03,3194
321,48.045,48.045,48.045,48.045,200
323,48.04,48.04,48.04,48.04,171
325,48.025,48.025,48.025,48.025,300
329,48.049,48.049,48.049,48.049,280
330,48.06,48.06,48.06,48.06,1300
340,48.075,48.075,48.075,48.075,100
345,48.08,48.08,48.075,48.08,400
352,48.08,48.08,48.08,48.08,300
353,48.08,48.08,48.08,48.08,1000
354,48.09,48.09,48.09,48.09,100
356,48.09,48.09,48.09,48.09,300
357,48.09,48.09,48.09,48.09,1000
359,48.095,48.095,48.095,48.095,800
360,48.1,48.1,48.1,48.1,400
361,48.1,48.1,48.1,48.1,300
363,48.1,48.1,48.1,48.1,500
364,48.1,48.1,48.1,48.1,100
365,48.1,48.1,48.1,48.1,100
367,48.095,48.095,48.095,48.095,100
368,48.095,48.1,48.095,48.1,500
369,48.1,48.1,48.1,48.1,300
370,48.105,48.105,48.095,48.1,600
371,48.1,48.1,48.1,48.1,1500
376,48.11,48.11,48.11,48.11,313
377,48.11,48.11,48.11,48.11,200
379,48.12,48.12,48.12,48.12,100
380,48.13,48.13,48.125,48.125,200
384,48.12,48.13,48.12,48.13,2805
386,48.12,48.12,48.12,48.12,600
387,48.11,48.11,48.11,48.11,800
388,48.11,48.11,48.11,48.11,1900
389,48.12,48.12,48.12,48.12,547
390,48.12,48.125,48.12,48.12,7170
a1426253400,47.83,47.89,47.8,47.8,32220
1,47.78,47.78,47.78,47.78,600
2,47.76,47.76,47.76,47.76,900
4,47.74,47.74,47.72,47.72,1000
5,47.75,47.75,47.73,47.73,10350
6,47.73,47.75,47.73,47.75,231
7,47.73,47.735,47.73,47.735,667
8,47.74,47.74,47.73,47.73,1200
10,47.75,47.75,47.75,47.75,1020
11,47.74,47.74,47.74,47.74,420
12,47.73,47.73,47.73,47.73,700
13,47.74,47.75,47.74,47.74,1379
14,47.73,47.74,47.73,47.74,200
15,47.74,47.74,47.73,47.73,400
16,47.72,47.74,47.72,47.74,200
19,47.75,47.76,47.75,47.76,800
20,47.75,47.75,47.75,47.75,800
22,47.71,47.73,47.71,47.73,1800
24,47.705,47.71,47.705,47.71,300
25,47.7,47.7,47.7,47.7,1020
26,47.7,47.7,47.7,47.7,700
27,47.67,47.69,47.67,47.69,600
29,47.68,47.68,47.68,47.68,200
30,47.66,47.66,47.66,47.66,500
31,47.66,47.66,47.66,47.66,392
33,47.65,47.65,47.64,47.64,1000
34,47.65,47.65,47.65,47.65,500
36,47.575,47.58,47.575,47.58,200
40,47.61,47.61,47.61,47.61,100
41,47.58,47.59,47.58,47.59,1200
42,47.6,47.6,47.58,47.58,1100
43,47.6,47.6,47.6,47.6,600
44,47.6,47.61,47.6,47.61,1300
47,47.63,47.63,47.63,47.63,500
50,47.65,47.65,47.65,47.65,1600
52,47.67,47.67,47.67,47.67,783
53,47.65,47.665,47.65,47.665,800
54,47.64,47.64,47.64,47.64,600
56,47.65,47.65,47.65,47.65,200
58,47.6,47.6,47.6,47.6,100
63,47.62,47.62,47.62,47.62,405
69,47.61,47.61,47.61,47.61,200
74,47.64,47.64,47.64,47.64,100
76,47.62,47.62,47.62,47.62,100
79,47.6,47.6,47.6,47.6,215
81,47.6,47.6,47.6,47.6,100
82,47.58,47.59,47.58,47.59,200
83,47.58,47.58,47.58,47.58,968
85,47.555,47.555,47.555,47.555,316
86,47.56,47.56,47.56,47.56,522
87,47.58,47.58,47.58,47.58,695
88,47.58,47.58,47.58,47.58,200
90,47.55,47.57,47.55,47.57,200
91,47.56,47.56,47.56,47.56,500
93,47.56,47.56,47.56,47.56,381
96,47.56,47.56,47.56,47.56,800
97,47.56,47.56,47.56,47.56,100
98,47.56,47.56,47.56,47.56,700
100,47.57,47.57,47.57,47.57,600
101,47.59,47.59,47.59,47.59,600
106,47.64,47.64,47.64,47.64,468
108,47.63,47.64,47.63,47.64,700
109,47.62,47.62,47.62,47.62,2000
110,47.61,47.615,47.61,47.615,700
111,47.62,47.62,47.62,47.62,100
115,47.6,47.6,47.6,47.6,2500
116,47.59,47.59,47.58,47.58,2300
117,47.58,47.58,47.58,47.58,600
120,47.55,47.56,47.55,47.56,1900
123,47.55,47.55,47.55,47.55,800
125,47.56,47.56,47.55,47.55,1800
128,47.56,47.56,47.56,47.56,1300
130,47.57,47.57,47.57,47.57,300
133,47.55,47.56,47.55,47.56,390
135,47.57,47.57,47.57,47.57,250
136,47.56,47.56,47.56,47.56,541
139,47.55,47.55,47.55,47.55,315
140,47.54,47.54,47.54,47.54,100
141,47.55,47.55,47.55,47.55,200
142,47.55,47.55,47.55,47.55,1400
143,47.55,47.55,47.55,47.55,1100
147,47.599,47.599,47.59,47.59,1251
148,47.62,47.62,47.62,47.62,600
149,47.62,47.62,47.62,47.62,100
151,47.63,47.64,47.63,47.64,200
152,47.62,47.62,47.62,47.62,400
154,47.61,47.61,47.61,47.61,254
155,47.639,47.639,47.63,47.63,4819
156,47.645,47.645,47.64,47.64,1054
158,47.64,47.64,47.64,47.64,100
159,47.63,47.63,47.63,47.63,163
161,47.659,47.659,47.659,47.659,7841
163,47.685,47.685,47.68,47.68,1400
164,47.69,47.69,47.69,47.69,300
166,47.68,47.68,47.68,47.68,1300
167,47.66,47.67,47.66,47.67,1271
168,47.65,47.65,47.65,47.65,100
169,47.665,47.665,47.65,47.65,700
170,47.65,47.65,47.65,47.65,600
173,47.69,47.69,47.69,47.69,300
174,47.69,47.69,47.69,47.69,100
175,47.69,47.69,47.69,47.69,500
176,47.69,47.69,47.69,47.69,100
179,47.68,47.7,47.68,47.7,1245
184,47.69,47.69,47.69,47.69,1000
190,47.72,47.725,47.72,47.725,566
192,47.719,47.719,47.715,47.715,2866
195,47.74,47.74,47.72,47.72,5600
196,47.73,47.73,47.73,47.73,500
197,47.708,47.72,47.708,47.72,3219
200,47.71,47.71,47.71,47.71,500
201,47.71,47.72,47.71,47.72,700
204,47.7,47.7,47.7,47.7,200
205,47.7,47.7,47.7,47.7,513
208,47.71,47.71,47.71,47.71,852
211,47.7,47.71,47.7,47.71,1300
213,47.69,47.69,47.69,47.69,600
217,47.69,47.7,47.69,47.7,1300
218,47.68,47.68,47.68,47.68,500
221,47.66,47.67,47.66,47.67,600
223,47.65,47.658,47.65,47.658,400
225,47.66,47.668,47.66,47.665,900
226,47.64,47.65,47.64,47.65,600
227,47.64,47.64,47.64,47.64,100
228,47.65,47.65,47.65,47.65,500
231,47.64,47.64,47.64,47.64,600
236,47.6,47.6,47.6,47.6,1579
237,47.599,47.599,47.599,47.599,500
239,47.55,47.55,47.55,47.55,700
240,47.55,47.55,47.55,47.55,640
241,47.56,47.56,47.56,47.56,200
242,47.57,47.57,47.57,47.57,1300
244,47.59,47.59,47.59,47.59,500
245,47.59,47.59,47.59,47.59,600
247,47.58,47.58,47.58,47.58,500
248,47.59,47.59,47.59,47.59,500
249,47.6,47.6,47.6,47.6,1000
251,47.61,47.61,47.61,47.61,200
252,47.62,47.62,47.62,47.62,200
254,47.62,47.62,47.62,47.62,800
257,47.6,47.6,47.6,47.6,500
261,47.64,47.64,47.64,47.64,500
263,47.65,47.65,47.65,47.65,600
264,47.64,47.64,47.64,47.64,600
266,47.65,47.65,47.65,47.65,100
267,47.63,47.63,47.63,47.63,1100
268,47.63,47.63,47.63,47.63,800
269,47.63,47.63,47.63,47.63,100
270,47.65,47.65,47.64,47.64,345
271,47.65,47.65,47.65,47.65,200
272,47.64,47.64,47.64,47.64,100
274,47.63,47.63,47.63,47.63,200
276,47.64,47.64,47.64,47.64,300
279,47.65,47.65,47.65,47.65,100
280,47.64,47.64,47.64,47.64,1998
282,47.625,47.63,47.625,47.63,300
283,47.62,47.62,47.62,47.62,600
291,47.65,47.65,47.65,47.65,500
293,47.65,47.65,47.65,47.65,1083
294,47.65,47.65,47.65,47.65,700
300,47.67,47.67,47.66,47.66,1383
301,47.67,47.67,47.67,47.67,1000
303,47.67,47.67,47.67,47.67,360
305,47.66,47.66,47.66,47.66,630
308,47.66,47.66,47.66,47.66,2592
309,47.66,47.66,47.66,47.66,1083
312,47.63,47.63,47.63,47.63,700
313,47.62,47.62,47.62,47.62,922
314,47.62,47.62,47.62,47.62,600
315,47.61,47.62,47.61,47.62,966
316,47.63,47.63,47.61,47.61,883
320,47.62,47.64,47.62,47.64,400
321,47.639,47.639,47.639,47.639,1500
324,47.64,47.64,47.64,47.64,100
325,47.63,47.63,47.63,47.63,200
326,47.619,47.62,47.619,47.62,800
329,47.64,47.65,47.64,47.65,500
330,47.659,47.66,47.659,47.66,700
331,47.66,47.66,47.66,47.66,385
332,47.67,47.67,47.67,47.67,100
333,47.67,47.67,47.66,47.66,1300
334,47.68,47.68,47.68,47.68,700
340,47.67,47.67,47.67,47.67,789
341,47.68,47.68,47.68,47.68,1000
343,47.68,47.68,47.68,47.68,600
346,47.69,47.69,47.69,47.69,1083
347,47.71,47.71,47.69,47.69,3931
348,47.7,47.7,47.7,47.7,300
352,47.69,47.69,47.688,47.688,1400
353,47.698,47.7,47.698,47.7,300
357,47.725,47.725,47.725,47.725,100
359,47.73,47.73,47.73,47.73,593
360,47.75,47.75,47.75,47.75,1983
361,47.75,47.75,47.75,47.75,1683
363,47.74,47.74,47.74,47.74,500
364,47.73,47.73,47.73,47.73,700
365,47.73,47.73,47.73,47.73,500
369,47.74,47.74,47.74,47.74,1200
370,47.76,47.76,47.76,47.76,100
371,47.778,47.778,47.76,47.76,1967
372,47.79,47.79,47.79,47.79,629
373,47.79,47.79,47.789,47.79,4600
374,47.77,47.77,47.77,47.77,745
375,47.76,47.76,47.76,47.76,500
376,47.76,47.76,47.76,47.76,443
379,47.76,47.76,47.76,47.76,213
381,47.779,47.785,47.778,47.778,805
383,47.8,47.8,47.8,47.8,554
384,47.82,47.82,47.82,47.82,100
385,47.84,47.84,47.84,47.84,929
386,47.85,47.85,47.85,47.85,200
387,47.85,47.85,47.85,47.85,200
388,47.85,47.85,47.85,47.85,1732
389,47.82,47.825,47.82,47.825,3600
390,47.79,47.82,47.79,47.82,5241
a1426512600,48.19,48.19,48.19,48.19,36190
4,48.13,48.13,48.13,48.13,300
5,48.139,48.14,48.12,48.13,6679
6,48.18,48.18,48.14,48.14,616
8,48.16,48.16,48.16,48.16,2200
10,48.15,48.16,48.15,48.16,356
11,48.16,48.16,48.16,48.16,1200
12,48.16,48.16,48.16,48.16,700
13,48.155,48.16,48.145,48.145,3751
14,48.15,48.15,48.15,48.15,400
15,48.14,48.14,48.14,48.14,300
16,48.15,48.15,48.15,48.15,799
17,48.17,48.17,48.16,48.16,2549
18,48.17,48.17,48.17,48.17,1000
19,48.185,48.185,48.185,48.185,200
20,48.18,48.18,48.18,48.18,400
21,48.22,48.22,48.205,48.205,2119
22,48.24,48.24,48.22,48.22,2200
23,48.23,48.23,48.23,48.23,400
24,48.25,48.25,48.25,48.25,927
26,48.27,48.27,48.27,48.27,500
27,48.27,48.27,48.27,48.27,200
28,48.27,48.28,48.27,48.28,1400
29,48.27,48.27,48.26,48.26,1000
30,48.25,48.26,48.25,48.26,1052
31,48.29,48.29,48.27,48.27,1400
32,48.289,48.29,48.289,48.29,1427
34,48.28,48.28,48.28,48.28,700
38,48.29,48.29,48.29,48.29,500
41,48.29,48.29,48.29,48.29,600
42,48.28,48.28,48.28,48.28,302
43,48.29,48.29,48.28,48.28,2100
44,48.27,48.29,48.27,48.29,1100
45,48.27,48.27,48.27,48.27,600
46,48.26,48.26,48.26,48.26,5303
47,48.26,48.26,48.26,48.26,1902
51,48.27,48.27,48.27,48.27,600
52,48.25,48.26,48.25,48.26,1200
53,48.23,48.23,48.23,48.23,500
55,48.22,48.23,48.22,48.23,1100
56,48.21,48.21,48.21,48.21,261
57,48.22,48.22,48.22,48.22,869
60,48.21,48.21,48.21,48.21,100
66,48.17,48.17,48.17,48.17,600
70,48.18,48.18,48.18,48.18,796
71,48.2,48.2,48.2,48.2,700
74,48.2,48.21,48.2,48.2,664
76,48.215,48.215,48.21,48.21,600
78,48.2,48.2,48.2,48.2,311
81,48.19,48.19,48.19,48.19,100
82,48.21,48.21,48.21,48.21,100
84,48.218,48.218,48.21,48.21,800
86,48.22,48.22,48.22,48.22,100
88,48.22,48.23,48.22,48.23,2166
89,48.22,48.22,48.22,48.22,600
91,48.239,48.239,48.238,48.238,2073
93,48.23,48.23,48.23,48.23,500
94,48.23,48.23,48.23,48.23,200
97,48.24,48.24,48.23,48.23,600
98,48.25,48.25,48.25,48.25,402
99,48.24,48.24,48.24,48.24,872
100,48.238,48.238,48.238,48.238,100
101,48.24,48.24,48.24,48.24,426
105,48.24,48.24,48.24,48.24,200
106,48.255,48.255,48.255,48.255,435
108,48.25,48.25,48.25,48.25,100
114,48.265,48.27,48.265,48.27,1000
116,48.28,48.28,48.28,48.28,900
118,48.27,48.27,48.27,48.27,1869
120,48.26,48.26,48.258,48.258,579
121,48.27,48.27,48.27,48.27,3200
123,48.29,48.29,48.29,48.29,600
124,48.29,48.29,48.29,48.29,600
125,48.29,48.29,48.29,48.29,100
127,48.31,48.31,48.31,48.31,100
128,48.29,48.29,48.29,48.29,600
129,48.295,48.295,48.295,48.295,200
130,48.29,48.29,48.29,48.29,1615
132,48.32,48.32,48.32,48.32,500
133,48.33,48.33,48.33,48.33,100
134,48.33,48.33,48.33,48.33,1900
135,48.32,48.32,48.32,48.32,400
136,48.32,48.32,48.32,48.32,100
139,48.325,48.325,48.325,48.325,300
140,48.32,48.32,48.32,48.32,600
142,48.34,48.34,48.34,48.34,428
146,48.35,48.35,48.35,48.35,1100
147,48.33,48.33,48.33,48.33,100
148,48.32,48.32,48.32,48.32,100
154,48.32,48.33,48.32,48.33,1528
155,48.31,48.32,48.31,48.32,554
157,48.32,48.32,48.32,48.32,500
158,48.32,48.32,48.32,48.32,500
160,48.32,48.32,48.32,48.32,600
164,48.335,48.335,48.335,48.335,100
168,48.32,48.32,48.32,48.32,600
169,48.32,48.32,48.32,48.32,228
170,48.31,48.31,48.31,48.31,100
172,48.308,48.308,48.308,48.308,176
176,48.28,48.28,48.28,48.28,100
177,48.29,48.29,48.29,48.29,600
182,48.3,48.3,48.3,48.3,100
183,48.3,48.3,48.3,48.3,100
184,48.32,48.32,48.32,48.32,706
185,48.32,48.32,48.32,48.32,100
188,48.34,48.34,48.34,48.34,452
194,48.33,48.33,48.33,48.33,100
195,48.32,48.32,48.32,48.32,135
196,48.32,48.32,48.32,48.32,100
197,48.32,48.32,48.32,48.32,700
199,48.33,48.33,48.33,48.33,100
204,48.36,48.36,48.36,48.36,100
211,48.369,48.369,48.36,48.36,1141
212,48.37,48.37,48.37,48.37,100
213,48.36,48.36,48.36,48.36,115
214,48.35,48.35,48.35,48.35,200
217,48.325,48.325,48.325,48.325,717
219,48.33,48.33,48.33,48.33,700
224,48.34,48.34,48.34,48.34,600
225,48.34,48.34,48.34,48.34,500
228,48.37,48.37,48.36,48.36,14885
229,48.375,48.375,48.375,48.375,15100
231,48.37,48.37,48.37,48.37,503
232,48.37,48.37,48.37,48.37,3100
233,48.365,48.365,48.365,48.365,110
237,48.355,48.36,48.355,48.36,1000
239,48.345,48.345,48.345,48.345,200
242,48.34,48.34,48.34,48.34,200
245,48.34,48.34,48.34,48.34,500
246,48.34,48.34,48.34,48.34,600
253,48.345,48.345,48.345,48.345,200
255,48.35,48.35,48.35,48.35,600
259,48.36,48.36,48.36,48.36,700
261,48.359,48.359,48.359,48.359,286
266,48.38,48.38,48.38,48.38,500
272,48.35,48.35,48.35,48.35,600
273,48.35,48.35,48.35,48.35,600
274,48.35,48.355,48.35,48.35,1374
276,48.34,48.34,48.34,48.34,600
277,48.35,48.35,48.35,48.35,700
280,48.34,48.34,48.34,48.34,2840
281,48.34,48.34,48.34,48.34,1600
282,48.33,48.33,48.33,48.33,600
285,48.33,48.33,48.33,48.33,100
296,48.33,48.33,48.33,48.33,814
299,48.339,48.339,48.339,48.339,400
304,48.34,48.34,48.34,48.34,700
305,48.35,48.35,48.35,48.35,700
306,48.35,48.35,48.35,48.35,200
307,48.34,48.34,48.34,48.34,100
309,48.33,48.33,48.33,48.33,200
312,48.35,48.35,48.35,48.35,600
315,48.36,48.36,48.36,48.36,598
317,48.36,48.36,48.36,48.36,100
318,48.34,48.36,48.34,48.36,400
320,48.34,48.34,48.34,48.34,200
321,48.34,48.34,48.34,48.34,260
323,48.35,48.35,48.35,48.35,525
324,48.35,48.35,48.35,48.35,130
327,48.35,48.35,48.35,48.35,500
335,48.37,48.37,48.37,48.37,200
336,48.36,48.36,48.36,48.36,100
337,48.369,48.369,48.369,48.369,1200
346,48.37,48.37,48.37,48.37,600
350,48.349,48.349,48.345,48.345,1250
351,48.34,48.34,48.34,48.34,600
352,48.32,48.32,48.32,48.32,500
353,48.31,48.31,48.31,48.31,400
356,48.32,48.32,48.32,48.32,1175
357,48.32,48.32,48.32,48.32,517
362,48.35,48.35,48.35,48.35,120
366,48.35,48.35,48.35,48.35,300
369,48.32,48.32,48.32,48.32,100
372,48.32,48.32,48.32,48.32,500
375,48.33,48.33,48.33,48.33,400
377,48.32,48.32,48.32,48.32,1000
378,48.315,48.315,48.315,48.315,100
380,48.32,48.32,48.32,48.32,900
382,48.32,48.32,48.32,48.32,900
385,48.32,48.32,48.32,48.32,2500
387,48.32,48.32,48.315,48.32,10673
389,48.32,48.32,48.32,48.32,1700
390,48.33,48.33,48.32,48.32,4176
a1426599000,48.18,48.18,48.18,48.18,35835
1,48.15,48.15,48.15,48.15,225
2,48.11,48.12,48.1,48.1,2154
3,48.1,48.1,48.09,48.09,2600
4,48.109,48.109,48.109,48.109,1006
5,48.11,48.12,48.11,48.11,1300
6,48.12,48.12,48.11,48.11,6535
8,48.16,48.16,48.15,48.15,2164
11,48.12,48.12,48.12,48.12,1300
12,48.11,48.11,48.11,48.11,600
13,48.09,48.11,48.09,48.11,1420
14,48.08,48.08,48.08,48.08,600
17,48.09,48.09,48.09,48.09,300
18,48.11,48.11,48.11,48.11,367
19,48.1,48.1,48.1,48.1,961
20,48.08,48.085,48.08,48.085,656
21,48.08,48.08,48.08,48.08,485
23,48.08,48.08,48.08,48.08,600
26,48.1,48.1,48.1,48.1,1200
27,48.115,48.115,48.105,48.105,5549
28,48.12,48.12,48.115,48.115,10000
32,48.13,48.13,48.13,48.13,100
33,48.12,48.12,48.12,48.12,1614
34,48.11,48.11,48.11,48.11,300
35,48.135,48.135,48.135,48.135,1947
37,48.14,48.14,48.14,48.14,2700
38,48.14,48.14,48.14,48.14,500
42,48.12,48.12,48.12,48.12,500
46,48.09,48.1,48.09,48.1,626
48,48.1,48.1,48.1,48.1,3070
50,48.115,48.115,48.115,48.115,1895
55,48.12,48.12,48.11,48.11,2520
56,48.12,48.13,48.12,48.13,600
59,48.12,48.12,48.12,48.12,600
60,48.14,48.14,48.14,48.14,217
63,48.15,48.17,48.15,48.17,1000
64,48.15,48.15,48.15,48.15,700
65,48.15,48.15,48.15,48.15,5000
66,48.14,48.14,48.139,48.14,4349
71,48.13,48.13,48.13,48.13,1100
73,48.13,48.13,48.125,48.125,5100
74,48.13,48.13,48.13,48.13,250
76,48.14,48.14,48.14,48.14,600
81,48.1,48.11,48.1,48.11,872
82,48.1,48.1,48.1,48.1,319
85,48.13,48.13,48.13,48.13,1275
86,48.14,48.14,48.14,48.14,700
91,48.1,48.1,48.1,48.1,329
92,48.08,48.08,48.08,48.08,100
93,48.06,48.06,48.06,48.06,200
94,48.06,48.06,48.06,48.06,100
97,48.05,48.05,48.05,48.05,100
100,48.05,48.05,48.05,48.05,100
105,48.07,48.07,48.07,48.07,1224
108,48.03,48.03,48.03,48.03,1000
111,48.01,48.01,48.01,48.01,100
115,48.04,48.04,48.04,48.04,343
116,48.05,48.05,48.05,48.05,200
119,48.095,48.095,48.095,48.095,100
129,48.09,48.09,48.09,48.09,1200
133,48.07,48.07,48.07,48.07,300
135,48.08,48.08,48.08,48.08,148
137,48.1,48.1,48.09,48.09,200
138,48.11,48.11,48.11,48.11,1482
146,48.09,48.09,48.09,48.09,193
148,48.1,48.11,48.1,48.11,3473
149,48.13,48.13,48.12,48.12,1184
150,48.13,48.13,48.13,48.13,1200
151,48.13,48.13,48.13,48.13,100
152,48.13,48.13,48.13,48.13,100
153,48.13,48.13,48.13,48.13,700
157,48.12,48.12,48.12,48.12,1082
159,48.1,48.1,48.095,48.1,1364
160,48.09,48.1,48.09,48.1,358
161,48.08,48.09,48.08,48.09,1116
162,48.08,48.08,48.07,48.07,10169
163,48.08,48.08,48.08,48.08,621
167,48.08,48.08,48.08,48.08,800
173,48.11,48.11,48.11,48.11,1200
175,48.1,48.1,48.1,48.1,500
178,48.13,48.13,48.13,48.13,500
179,48.13,48.13,48.13,48.13,1300
180,48.12,48.12,48.12,48.12,100
183,48.129,48.129,48.129,48.129,330
184,48.12,48.125,48.12,48.125,3315
188,48.13,48.13,48.13,48.13,600
191,48.14,48.14,48.14,48.14,200
192,48.14,48.14,48.14,48.14,500
209,48.19,48.19,48.19,48.19,500
210,48.2,48.2,48.2,48.2,500
212,48.19,48.19,48.19,48.19,1061
214,48.19,48.19,48.19,48.19,123
217,48.2,48.2,48.2,48.2,100
219,48.21,48.21,48.21,48.21,1061
226,48.26,48.26,48.26,48.26,500
228,48.25,48.25,48.25,48.25,700
229,48.24,48.24,48.24,48.24,1100
230,48.24,48.24,48.24,48.24,200
231,48.25,48.25,48.25,48.25,200
232,48.255,48.255,48.255,48.255,200
234,48.25,48.25,48.25,48.25,200
237,48.25,48.25,48.25,48.25,500
238,48.248,48.248,48.248,48.248,200
240,48.24,48.24,48.24,48.24,600
244,48.25,48.25,48.25,48.25,100
248,48.24,48.24,48.24,48.24,500
249,48.25,48.25,48.25,48.25,2422
252,48.24,48.24,48.24,48.24,1061
257,48.24,48.24,48.24,48.24,700
258,48.23,48.23,48.23,48.23,500
263,48.24,48.24,48.24,48.24,800
272,48.27,48.27,48.27,48.27,2759
274,48.28,48.28,48.279,48.279,4500
276,48.27,48.27,48.27,48.27,600
277,48.26,48.26,48.26,48.26,1000
278,48.26,48.26,48.26,48.26,584
279,48.26,48.26,48.26,48.26,2500
287,48.24,48.24,48.24,48.24,200
290,48.259,48.259,48.258,48.258,289
292,48.26,48.26,48.25,48.25,300
295,48.25,48.25,48.25,48.25,150
303,48.24,48.24,48.24,48.24,700
304,48.24,48.24,48.24,48.24,800
306,48.23,48.23,48.23,48.23,200
309,48.21,48.21,48.21,48.21,100
311,48.23,48.23,48.23,48.23,115
312,48.24,48.24,48.24,48.24,440
313,48.24,48.24,48.235,48.235,6409
314,48.25,48.25,48.24,48.24,3100
315,48.26,48.26,48.26,48.26,1600
317,48.269,48.269,48.269,48.269,1243
320,48.25,48.25,48.25,48.25,1140
321,48.23,48.24,48.23,48.24,1393
322,48.25,48.25,48.25,48.25,100
323,48.26,48.26,48.26,48.26,1061
325,48.26,48.26,48.26,48.26,100
326,48.29,48.29,48.265,48.265,1100
329,48.279,48.279,48.279,48.279,2200
330,48.27,48.27,48.27,48.27,2700
332,48.285,48.285,48.28,48.28,2688
333,48.29,48.29,48.289,48.289,610
341,48.315,48.315,48.315,48.315,100
343,48.31,48.31,48.31,48.31,100
349,48.31,48.315,48.31,48.315,629
352,48.32,48.32,48.32,48.32,800
353,48.315,48.32,48.315,48.32,1300
358,48.32,48.32,48.32,48.32,800
359,48.32,48.32,48.32,48.32,2500
363,48.345,48.345,48.345,48.345,100
364,48.345,48.345,48.345,48.345,100
365,48.35,48.35,48.35,48.35,4834
366,48.35,48.35,48.35,48.35,900
367,48.34,48.34,48.34,48.34,2100
369,48.34,48.345,48.34,48.345,3505
371,48.32,48.33,48.32,48.33,3900
372,48.32,48.32,48.32,48.32,100
374,48.31,48.31,48.31,48.31,1615
375,48.3,48.3,48.3,48.3,3605
376,48.31,48.31,48.31,48.31,1185
377,48.32,48.325,48.32,48.32,3096
378,48.31,48.31,48.31,48.31,3482
381,48.32,48.325,48.32,48.32,6182
383,48.315,48.32,48.315,48.32,3000
386,48.29,48.31,48.29,48.31,4956
387,48.29,48.29,48.29,48.29,5070
388,48.29,48.29,48.29,48.29,510
389,48.28,48.285,48.28,48.285,5100
390,48.3,48.3,48.28,48.285,62248
a1426685400,48.29,48.29,48.29,48.29,13255
3,48.35,48.35,48.32,48.32,1580
7,48.33,48.33,48.33,48.33,400
8,48.33,48.33,48.33,48.33,100
10,48.36,48.36,48.36,48.36,100
11,48.34,48.35,48.34,48.35,1900
12,48.33,48.33,48.33,48.33,300
13,48.32,48.32,48.32,48.32,105
14,48.31,48.31,48.308,48.308,3400
15,48.31,48.31,48.31,48.31,450
16,48.31,48.31,48.29,48.31,30854
19,48.3,48.3,48.3,48.3,9750
20,48.31,48.31,48.305,48.305,1300
21,48.29,48.3,48.29,48.3,4700
23,48.3,48.3,48.3,48.3,100
24,48.31,48.31,48.31,48.31,3700
25,48.33,48.33,48.33,48.33,100
26,48.33,48.335,48.33,48.335,5200
28,48.32,48.32,48.32,48.32,3400
29,48.33,48.33,48.33,48.33,100
30,48.355,48.355,48.355,48.355,200
31,48.37,48.37,48.36,48.36,600
34,48.39,48.39,48.39,48.39,700
38,48.39,48.39,48.39,48.39,500
42,48.38,48.38,48.38,48.38,1700
44,48.38,48.38,48.38,48.38,700
46,48.37,48.37,48.37,48.37,400
50,48.372,48.372,48.372,48.372,200
59,48.4,48.4,48.4,48.4,100
60,48.38,48.38,48.38,48.38,1200
61,48.37,48.37,48.37,48.37,600
62,48.36,48.36,48.36,48.36,1315
64,48.35,48.35,48.35,48.35,1700
69,48.34,48.35,48.34,48.35,3447
70,48.35,48.35,48.35,48.35,955
71,48.35,48.35,48.35,48.35,1935
73,48.34,48.34,48.34,48.34,500
74,48.35,48.35,48.35,48.35,100
75,48.37,48.37,48.37,48.37,2665
79,48.38,48.38,48.38,48.38,200
80,48.37,48.37,48.37,48.37,300
82,48.38,48.38,48.38,48.38,4575
83,48.38,48.38,48.38,48.38,1172
84,48.37,48.37,48.37,48.37,500
90,48.39,48.39,48.39,48.39,207
92,48.41,48.41,48.41,48.41,500
100,48.4,48.4,48.4,48.4,300
101,48.4,48.4,48.4,48.4,500
105,48.4,48.4,48.4,48.4,100
117,48.38,48.385,48.38,48.385,1800
120,48.38,48.38,48.38,48.38,200
122,48.36,48.36,48.36,48.36,500
123,48.37,48.37,48.37,48.37,500
127,48.38,48.38,48.38,48.38,1400
130,48.39,48.39,48.39,48.39,200
131,48.4,48.4,48.4,48.4,1600
134,48.42,48.42,48.42,48.42,500
137,48.43,48.43,48.43,48.43,706
138,48.41,48.42,48.41,48.42,1120
144,48.4,48.4,48.4,48.4,114
145,48.4,48.4,48.4,48.4,500
147,48.41,48.41,48.409,48.409,750
149,48.42,48.42,48.42,48.42,484
155,48.44,48.44,48.44,48.44,600
159,48.47,48.47,48.47,48.47,600
160,48.45,48.45,48.45,48.45,1700
161,48.44,48.45,48.44,48.45,1000
166,48.445,48.445,48.445,48.445,600
167,48.45,48.45,48.449,48.449,5602
171,48.429,48.43,48.425,48.43,2714
174,48.41,48.41,48.41,48.41,100
176,48.43,48.43,48.43,48.43,1355
179,48.47,48.47,48.47,48.47,840
181,48.47,48.47,48.47,48.47,116
182,48.47,48.47,48.47,48.47,500
185,48.47,48.48,48.47,48.48,2800
187,48.48,48.48,48.48,48.48,100
188,48.48,48.48,48.48,48.48,1215
190,48.52,48.52,48.5,48.5,4129
194,48.54,48.54,48.54,48.54,300
195,48.54,48.54,48.54,48.54,100
196,48.53,48.53,48.53,48.53,300
197,48.53,48.53,48.53,48.53,100
203,48.5,48.5,48.5,48.5,200
205,48.52,48.52,48.52,48.52,2500
208,48.51,48.52,48.51,48.52,436
211,48.51,48.51,48.5,48.5,600
214,48.5,48.505,48.5,48.505,1500
217,48.48,48.49,48.48,48.49,1215
218,48.5,48.5,48.5,48.5,100
219,48.49,48.49,48.49,48.49,100
226,48.49,48.49,48.49,48.49,500
227,48.48,48.48,48.48,48.48,300
231,48.49,48.49,48.49,48.49,500
232,48.49,48.49,48.48,48.48,700
233,48.49,48.49,48.49,48.49,500
234,48.498,48.498,48.498,48.498,460
236,48.5,48.5,48.495,48.495,1700
237,48.49,48.49,48.49,48.49,200
239,48.495,48.495,48.495,48.495,700
249,48.45,48.45,48.45,48.45,500
250,48.43,48.43,48.43,48.43,500
251,48.425,48.425,48.42,48.42,1000
252,48.42,48.42,48.42,48.42,500
254,48.425,48.425,48.425,48.425,100
255,48.43,48.43,48.43,48.43,200
258,48.429,48.429,48.428,48.428,518
261,48.435,48.435,48.435,48.435,1152
264,48.44,48.44,48.43,48.43,550
265,48.43,48.44,48.43,48.44,650
266,48.43,48.43,48.43,48.43,200
268,48.48,48.48,48.48,48.48,670
269,48.51,48.51,48.49,48.49,497
270,48.57,48.57,48.51,48.51,2700
271,48.73,48.73,48.57,48.57,1363
272,48.82,48.82,48.82,48.82,4910
273,48.78,48.8,48.78,48.8,315
274,48.92,48.92,48.91,48.91,5788
275,48.9,48.9,48.9,48.9,800
277,48.85,48.85,48.85,48.85,500
279,48.92,48.93,48.9,48.9,5262
280,48.92,48.925,48.92,48.925,2527
281,48.93,48.93,48.915,48.915,10500
282,48.92,48.92,48.92,48.92,100
283,48.97,48.97,48.97,48.97,500
284,49,49.01,48.98,48.99,2415
285,49.06,49.06,49.01,49.02,1300
286,49.13,49.13,49.13,49.13,1903
287,49.13,49.14,49.13,49.14,1464
288,49.13,49.135,49.1,49.13,8615
289,49.17,49.17,49.145,49.145,10366
290,49.2,49.2,49.19,49.19,2130
291,49.24,49.24,49.19,49.2,3268
292,49.26,49.26,49.24,49.24,2500
293,49.27,49.28,49.265,49.28,8500
294,49.28,49.28,49.28,49.28,700
295,49.265,49.27,49.26,49.27,5244
296,49.26,49.26,49.26,49.26,1429
297,49.2,49.21,49.2,49.21,3100
298,49.165,49.17,49.15,49.17,2285
299,49.135,49.135,49.135,49.135,499
300,49.15,49.15,49.135,49.135,2324
302,49.15,49.15,49.15,49.15,1315
303,49.23,49.23,49.19,49.19,3912
304,49.19,49.26,49.19,49.26,3600
305,49.23,49.23,49.22,49.23,1500
306,49.21,49.21,49.21,49.21,500
307,49.21,49.21,49.21,49.21,3000
308,49.19,49.19,49.19,49.19,100
309,49.2,49.2,49.2,49.2,600
310,49.19,49.2,49.18,49.2,1900
311,49.18,49.18,49.18,49.18,100
312,49.19,49.19,49.19,49.19,0
314,49.18,49.18,49.18,49.18,0
315,49.19,49.19,49.19,49.19,0
316,49.16,49.17,49.16,49.17,0
317,49.09,49.13,49.09,49.13,0
318,49.09,49.1,49.08,49.1,0
320,49.06,49.06,49.04,49.04,0
321,49.085,49.085,49.085,49.085,0
322,49.08,49.1,49.08,49.1,0
325,49.08,49.08,49.08,49.08,0
