EXCHANGE%3DNYSEARCA
MARKET_OPEN_MINUTE=570
MARKET_CLOSE_MINUTE=960
INTERVAL=60
COLUMNS=DATE,CLOSE,HIGH,LOW,OPEN,VOLUME
DATA=
TIMEZONE_OFFSET=-240
a1426792260,32.83,32.83,32.83,32.83,100
1,32.81,32.82,32.81,32.82,800
13,32.78,32.78,32.78,32.78,298
18,32.8,32.8,32.8,32.8,123
20,32.78,32.78,32.78,32.78,200
26,32.8,32.8,32.8,32.8,300
31,32.81,32.81,32.81,32.81,189
48,32.77,32.77,32.77,32.77,314
49,32.76,32.76,32.76,32.76,300
a1426858200,32.94,32.94,32.94,32.94,3356
6,32.849,32.849,32.849,32.849,100
12,32.85,32.85,32.85,32.85,100
14,32.82,32.82,32.82,32.82,305
66,32.89,32.89,32.89,32.89,300
88,32.9,32.9,32.899,32.899,341
103,32.91,32.91,32.91,32.91,200
141,32.93,32.93,32.93,32.93,700
158,32.94,32.94,32.94,32.94,100
180,32.92,32.92,32.92,32.92,100
186,32.92,32.92,32.92,32.92,100
206,32.97,32.97,32.97,32.97,900
208,32.97,32.97,32.97,32.97,294
213,32.98,32.98,32.98,32.98,600
223,32.97,32.98,32.97,32.98,300
224,32.98,32.98,32.98,32.98,1200
232,33,33,33,33,200
233,33,33,33,33,1477
237,33,33,33,33,800
247,33,33,33,33,600
248,33,33,33,33,100
253,33,33,33,33,991
259,33,33,33,33,100
265,32.99,32.99,32.99,32.99,100
270,32.99,32.99,32.99,32.99,300
271,32.99,32.99,32.99,32.99,100
272,33,33,33,33,100
273,33,33,33,33,100
277,32.99,32.99,32.99,32.99,1471
278,32.99,32.99,32.99,32.99,554
287,32.98,32.98,32.98,32.98,1800
288,32.98,32.98,32.98,32.98,152
295,32.97,32.97,32.97,32.97,400
296,32.97,32.97,32.97,32.97,859
308,32.98,32.98,32.98,32.98,957
314,32.98,32.98,32.98,32.98,155
315,32.98,32.98,32.98,32.98,2200
331,32.99,32.99,32.99,32.99,2186
333,32.99,32.99,32.99,32.99,314
334,32.99,32.99,32.99,32.99,400
340,32.98,32.98,32.98,32.98,1096
341,32.98,32.98,32.98,32.98,568
350,32.93,32.93,32.93,32.93,1000
352,32.91,32.91,32.91,32.91,600
355,32.91,32.91,32.91,32.91,2100
360,32.92,32.92,32.92,32.92,213
367,32.91,32.91,32.91,32.91,575
376,32.94,32.94,32.939,32.939,600
382,32.93,32.93,32.93,32.93,100
384,32.9,32.9,32.9,32.9,155
385,32.899,32.899,32.899,32.899,200
387,32.89,32.89,32.89,32.89,800
389,32.87,32.87,32.87,32.87,807
390,32.82,32.88,32.82,32.88,454
a1427117400,32.95,32.95,32.95,32.95,5123
6,32.9,32.9,32.9,32.9,317
9,32.91,32.91,32.91,32.91,1950
16,32.94,32.94,32.94,32.94,100
40,32.9,32.9,32.9,32.9,100
91,32.89,32.89,32.89,32.89,300
177,32.91,32.91,32.91,32.91,100
206,32.93,32.93,32.93,32.93,100
242,32.94,32.94,32.94,32.94,100
297,33.01,33.01,33.01,33.01,400
303,32.99,32.99,32.99,32.99,497
305,32.99,32.99,32.99,32.99,594
320,32.98,32.98,32.98,32.98,200
346,32.93,32.93,32.93,32.93,700
378,32.92,32.92,32.92,32.92,1200
382,32.91,32.91,32.91,32.91,100
a1427203800,32.91,32.91,32.91,32.91,2287
11,32.83,32.84,32.83,32.84,252
16,32.81,32.81,32.81,32.81,100
34,32.9,32.9,32.9,32.9,129
35,32.91,32.91,32.91,32.91,1618
67,32.92,32.92,32.92,32.92,261
129,32.96,32.96,32.96,32.96,200
144,32.96,32.96,32.96,32.96,3300
163,32.96,32.96,32.96,32.96,683
183,32.92,32.92,32.92,32.92,700
221,32.89,32.89,32.89,32.89,300
225,32.9,32.9,32.89,32.89,1500
271,32.86,32.86,32.86,32.86,400
276,32.83,32.83,32.83,32.83,210
296,32.81,32.81,32.81,32.81,2400
306,32.79,32.79,32.79,32.79,2300
311,32.8,32.8,32.8,32.8,158
315,32.81,32.81,32.81,32.81,700
333,32.85,32.85,32.85,32.85,310
351,32.84,32.84,32.84,32.84,400
352,32.81,32.81,32.81,32.81,200
353,32.8,32.8,32.8,32.8,299
365,32.82,32.82,32.82,32.82,2400
371,32.82,32.82,32.82,32.82,600
389,32.77,32.77,32.77,32.77,190
390,32.76,32.77,32.76,32.77,1667
a1427290200,32.81,32.81,32.81,32.81,1340
4,32.75,32.75,32.75,32.75,476
5,32.71,32.71,32.71,32.71,100
8,32.6,32.61,32.6,32.61,555
16,32.56,32.58,32.56,32.58,728
17,32.56,32.56,32.56,32.56,115
29,32.49,32.49,32.49,32.49,100
34,32.48,32.48,32.48,32.48,100
39,32.5,32.5,32.5,32.5,100
59,32.53,32.53,32.53,32.53,100
81,32.43,32.43,32.43,32.43,3300
110,32.4,32.4,32.4,32.4,100
122,32.33,32.33,32.33,32.33,100
134,32.19,32.19,32.19,32.19,100
143,32.2,32.2,32.2,32.2,100
148,32.17,32.17,32.17,32.17,100
150,32.18,32.18,32.18,32.18,100
159,32.19,32.19,32.19,32.19,100
176,32.08,32.08,32.08,32.08,120
177,32.11,32.11,32.11,32.11,100
204,32.11,32.11,32.11,32.11,100
217,32.13,32.13,32.13,32.13,100
222,32.1,32.1,32.1,32.1,290
248,32.07,32.07,32.07,32.07,100
266,32.13,32.13,32.13,32.13,297
307,32.08,32.08,32.08,32.08,1500
317,32.03,32.04,32.03,32.04,3107
321,32.07,32.07,32.07,32.07,100
330,32.08,32.08,32.08,32.08,200
331,32.04,32.05,32.04,32.05,600
338,32.01,32.01,32.01,32.01,100
341,32,32,32,32,100
355,31.99,31.99,31.99,31.99,100
357,31.97,31.97,31.97,31.97,200
363,31.94,31.94,31.94,31.94,100
378,31.9,31.9,31.9,31.9,200
379,31.91,31.91,31.9,31.9,200
382,31.87,31.88,31.87,31.88,4600
390,31.88,31.89,31.88,31.89,825
a1427376600,31.71,31.71,31.71,31.71,5356
1,31.7,31.7,31.7,31.7,440
2,31.59,31.6,31.59,31.6,200
5,31.55,31.55,31.55,31.55,100
10,31.62,31.62,31.62,31.62,200
22,31.8,31.8,31.8,31.8,3000
24,31.78,31.78,31.78,31.78,1000
28,31.7,31.7,31.7,31.7,970
31,31.66,31.67,31.66,31.66,4900
34,31.68,31.68,31.68,31.68,200
35,31.66,31.68,31.66,31.68,399
42,31.58,31.58,31.58,31.58,100
45,31.61,31.61,31.61,31.61,100
49,31.57,31.57,31.57,31.57,315
131,31.95,31.95,31.94,31.94,240
136,31.93,31.93,31.93,31.93,200
168,31.95,31.95,31.95,31.95,200
176,31.88,31.88,31.88,31.88,1500
210,31.94,31.94,31.94,31.94,300
225,31.89,31.89,31.89,31.89,300
284,31.93,31.94,31.93,31.94,300
300,31.93,31.93,31.93,31.93,700
350,31.89,31.89,31.89,31.89,300
368,31.96,31.96,31.96,31.96,200
389,31.9,31.9,31.9,31.9,100
390,31.9,31.9,31.9,31.9,150
a1427463000,31.92,31.92,31.92,31.92,2590
3,31.89,31.9,31.89,31.9,1040
8,31.96,31.96,31.96,31.96,100
147,31.78,31.78,31.78,31.78,9400
248,31.82,31.82,31.82,31.82,100
254,31.82,31.82,31.82,31.82,100
280,31.8,31.8,31.8,31.8,100
342,31.81,31.81,31.81,31.81,200
354,31.8,31.805,31.8,31.805,1300
355,31.8,31.8,31.8,31.8,301
365,31.89,31.89,31.89,31.89,300
366,31.89,31.89,31.89,31.89,200
368,31.86,31.91,31.79,31.9,22500
383,32,32,32,32,3500
385,32.02,32.02,32.01,32.01,2300
387,32.05,32.05,32.05,32.05,1000
388,32.04,32.04,32.04,32.04,100
389,31.99,32,31.99,32,2000
390,31.99,31.99,31.99,31.99,500
a1427722200,32.14,32.14,32.14,32.14,8775
3,32.22,32.22,32.22,32.22,100
8,32.19,32.19,32.19,32.19,100
9,32.23,32.23,32.23,32.23,118
85,32.23,32.23,32.23,32.23,1600
93,32.23,32.23,32.23,32.23,243
187,32.29,32.29,32.29,32.29,1300
251,32.32,32.32,32.32,32.32,2420
259,32.31,32.31,32.31,32.31,3800
282,32.33,32.33,32.33,32.33,1019
304,32.33,32.33,32.33,32.33,2700
357,32.31,32.31,32.31,32.31,137
379,32.33,32.33,32.33,32.33,600
385,32.33,32.33,32.33,32.33,107
a1427808600,32.23,32.23,32.23,32.23,1661
39,32.23,32.23,32.22,32.22,4900
88,32.22,32.23,32.22,32.23,494
117,32.28,32.28,32.28,32.28,125
133,32.22,32.22,32.22,32.22,1080
148,32.19,32.2,32.19,32.2,240
160,32.17,32.17,32.17,32.17,100
292,32.24,32.24,32.24,32.24,204
316,32.24,32.24,32.24,32.24,500
343,32.21,32.21,32.21,32.21,119
345,32.19,32.19,32.19,32.19,100
382,32.1,32.1,32.1,32.1,100
390,32.08,32.12,32.08,32.12,1100
a1427895000,32.05,32.05,32.05,32.05,1016
7,32,32,32,32,100
11,31.9,31.9,31.9,31.9,100
58,31.86,31.86,31.86,31.86,453
63,31.82,31.82,31.82,31.82,100
65,31.81,31.81,31.81,31.81,400
138,31.88,31.88,31.88,31.88,100
166,31.82,31.82,31.82,31.82,1879
176,31.82,31.82,31.82,31.82,399
185,31.85,31.85,31.85,31.85,150
191,31.84,31.84,31.84,31.84,677
193,31.84,31.84,31.84,31.84,305
288,31.82,31.82,31.82,31.82,600
309,31.79,31.79,31.79,31.79,143
319,31.82,31.82,31.82,31.82,200
329,31.84,31.84,31.84,31.84,100
338,31.82,31.82,31.82,31.82,8900
354,31.82,31.82,31.82,31.82,3383
372,31.84,31.84,31.84,31.84,100
381,31.85,31.85,31.85,31.85,2700
383,31.86,31.86,31.86,31.86,300
386,31.87,31.87,31.87,31.87,721
388,31.87,31.87,31.87,31.87,529
389,31.88,31.88,31.88,31.88,370
390,31.92,31.92,31.88,31.88,511
a1427981400,31.92,31.92,31.92,31.92,2112
6,31.95,31.95,31.95,31.95,100
9,31.87,31.87,31.86,31.87,6264
20,31.97,31.97,31.97,31.97,100
65,31.92,31.92,31.92,31.92,100
66,31.93,31.93,31.93,31.93,300
93,31.95,31.95,31.95,31.95,100
125,31.95,31.95,31.95,31.95,683
129,31.95,31.95,31.95,31.95,100
133,31.93,31.93,31.93,31.93,100
140,31.94,31.94,31.94,31.94,100
214,31.89,31.89,31.89,31.89,100
228,31.93,31.93,31.93,31.93,200
230,31.94,31.94,31.94,31.94,695
252,31.92,31.92,31.92,31.92,100
260,31.91,31.91,31.91,31.91,100
266,31.91,31.91,31.91,31.91,2600
276,31.9,31.9,31.9,31.9,100
285,31.91,31.91,31.91,31.91,100
290,31.94,31.94,31.94,31.94,100
318,31.88,31.88,31.88,31.88,100
337,31.891,31.891,31.891,31.891,100
347,31.87,31.87,31.87,31.87,370
381,31.96,31.96,31.96,31.96,100
388,31.95,31.95,31.95,31.95,200
390,31.9,31.93,31.9,31.93,822
a1428327000,31.69,31.69,31.69,31.69,6131
20,31.9,31.9,31.9,31.9,360
131,32.12,32.12,32.12,32.12,4228
146,32.11,32.11,32.11,32.11,800
212,32.19,32.19,32.19,32.19,500
355,32.22,32.22,32.22,32.22,1200
386,32.22,32.22,32.22,32.22,100
a1428413400,32.21,32.21,32.21,32.21,3655
2,32.25,32.25,32.25,32.25,400
5,32.27,32.27,32.27,32.27,500
19,32.3,32.3,32.3,32.3,155
46,32.3,32.3,32.3,32.3,200
53,32.36,32.36,32.35,32.35,336
54,32.35,32.35,32.35,32.35,112
64,32.41,32.41,32.41,32.41,112
77,32.4,32.4,32.4,32.4,800
282,32.35,32.35,32.35,32.35,100
323,32.36,32.36,32.36,32.36,250
328,32.33,32.33,32.33,32.33,100
352,32.28,32.28,32.28,32.28,300
363,32.27,32.27,32.27,32.27,900
364,32.27,32.27,32.27,32.27,100
368,32.25,32.25,32.25,32.25,200
371,32.22,32.22,32.22,32.22,600
a1428499800,32.21,32.21,32.21,32.21,2100
58,32.29,32.29,32.29,32.29,100
62,32.27,32.27,32.27,32.27,108
63,32.27,32.27,32.27,32.27,216
64,32.26,32.27,32.26,32.27,245
127,32.27,32.27,32.26,32.26,1000
238,32.26,32.26,32.26,32.26,800
264,32.27,32.27,32.27,32.27,100
273,32.23,32.23,32.23,32.23,800
305,32.3,32.3,32.3,32.3,600
359,32.24,32.24,32.24,32.24,800
373,32.27,32.27,32.27,32.27,800
387,32.25,32.25,32.25,32.25,1493
389,32.26,32.26,32.26,32.26,2400
390,32.28,32.28,32.28,32.28,200
a1428586200,32.29,32.29,32.28,32.28,5144
51,32.2,32.21,32.2,32.21,206
52,32.21,32.21,32.2,32.2,412
62,32.28,32.28,32.28,32.28,2500
73,32.24,32.24,32.24,32.24,0
74,32.21,32.21,32.21,32.21,0
78,32.19,32.2,32.19,32.2,0
83,32.18,32.18,32.18,32.18,0
