EXCHANGE%3DNYSEARCA
MARKET_OPEN_MINUTE=570
MARKET_CLOSE_MINUTE=960
INTERVAL=60
COLUMNS=DATE,CLOSE,HIGH,LOW,OPEN,VOLUME
DATA=
TIMEZONE_OFFSET=-300
a1424961000,33.14,33.14,33.14,33.14,1863
26,33.15,33.15,33.15,33.15,500
61,33.139,33.139,33.139,33.139,200
66,33.17,33.17,33.17,33.17,500
80,33.19,33.19,33.19,33.19,100
227,33.279,33.279,33.279,33.279,200
260,33.26,33.26,33.26,33.26,300
286,33.21,33.21,33.21,33.21,100
300,33.17,33.17,33.17,33.17,600
331,33.13,33.13,33.13,33.13,500
363,33.23,33.23,33.23,33.23,400
a1425047400,33.25,33.25,33.25,33.25,18799
1,33.25,33.25,33.25,33.25,811
11,33.21,33.21,33.21,33.21,1200
16,33.13,33.13,33.13,33.13,900
29,33.19,33.19,33.19,33.19,100
36,33.27,33.27,33.27,33.27,100
43,33.24,33.24,33.24,33.24,100
50,33.23,33.23,33.23,33.23,100
52,33.229,33.229,33.229,33.229,200
57,33.26,33.26,33.26,33.26,100
64,33.27,33.27,33.27,33.27,100
65,33.26,33.26,33.26,33.26,200
68,33.26,33.27,33.26,33.27,1114
82,33.26,33.26,33.26,33.26,100
92,33.25,33.26,33.25,33.26,200
94,33.24,33.24,33.24,33.24,300
99,33.26,33.26,33.26,33.26,100
113,33.25,33.25,33.25,33.25,200
120,33.24,33.24,33.24,33.24,100
126,33.24,33.24,33.24,33.24,100
133,33.26,33.26,33.26,33.26,100
147,33.25,33.25,33.25,33.25,100
151,33.25,33.25,33.249,33.249,632
154,33.25,33.25,33.25,33.25,100
161,33.26,33.26,33.26,33.26,100
168,33.26,33.26,33.26,33.26,100
175,33.27,33.27,33.27,33.27,100
182,33.28,33.28,33.28,33.28,100
189,33.27,33.27,33.27,33.27,100
195,33.26,33.26,33.26,33.26,100
202,33.25,33.25,33.25,33.25,100
209,33.24,33.24,33.24,33.24,100
213,33.23,33.23,33.23,33.23,1100
216,33.23,33.23,33.23,33.23,100
223,33.24,33.24,33.24,33.24,100
230,33.22,33.22,33.22,33.22,100
237,33.205,33.205,33.205,33.205,100
244,33.205,33.205,33.205,33.205,100
245,33.2,33.2,33.2,33.2,200
251,33.18,33.18,33.18,33.18,100
258,33.18,33.18,33.18,33.18,100
265,33.19,33.19,33.19,33.19,100
271,33.19,33.19,33.19,33.19,100
278,33.19,33.19,33.19,33.19,200
280,33.18,33.18,33.18,33.18,500
285,33.155,33.16,33.155,33.16,300
291,33.15,33.15,33.15,33.15,200
292,33.15,33.15,33.15,33.15,100
299,33.15,33.15,33.15,33.15,100
302,33.14,33.14,33.14,33.14,100
303,33.13,33.13,33.13,33.13,100
306,33.15,33.15,33.15,33.15,100
310,33.13,33.13,33.13,33.13,100
316,33.09,33.09,33.09,33.09,500
322,33.11,33.11,33.11,33.11,7387
327,33.1,33.1,33.1,33.1,100
334,33.08,33.08,33.08,33.08,100
340,33.09,33.09,33.09,33.09,100
343,33.08,33.08,33.08,33.08,300
347,33.09,33.09,33.09,33.09,100
352,33.1,33.1,33.1,33.1,222
354,33.11,33.11,33.11,33.11,100
361,33.12,33.12,33.12,33.12,100
368,33.11,33.11,33.11,33.11,100
371,33.08,33.08,33.08,33.08,280
377,33.08,33.08,33.08,33.08,500
385,33.05,33.07,33.05,33.07,340
386,33.06,33.06,33.06,33.06,100
389,33.08,33.08,33.08,33.08,226
390,33.09,33.09,33.09,33.09,175
a1425306600,33.13,33.13,33.13,33.13,5361
15,33.16,33.16,33.15,33.15,12300
39,33.27,33.27,33.27,33.27,2400
42,33.3,33.3,33.3,33.3,100
53,33.329,33.329,33.329,33.329,200
62,33.34,33.34,33.34,33.34,300
123,33.36,33.36,33.36,33.36,295
132,33.349,33.349,33.349,33.349,100
150,33.34,33.34,33.34,33.34,500
191,33.24,33.24,33.24,33.24,700
243,33.24,33.24,33.24,33.24,100
283,33.31,33.31,33.31,33.31,100
286,33.31,33.31,33.31,33.31,100
288,33.33,33.33,33.32,33.32,19040
307,33.3,33.3,33.3,33.3,100
338,33.34,33.34,33.34,33.34,100
348,33.36,33.36,33.36,33.36,549
350,33.37,33.37,33.37,33.37,500
351,33.37,33.37,33.37,33.37,200
356,33.37,33.37,33.37,33.37,500
362,33.37,33.37,33.37,33.37,400
364,33.38,33.38,33.37,33.37,11887
368,33.38,33.38,33.38,33.38,400
372,33.38,33.38,33.38,33.38,400
382,33.41,33.41,33.41,33.41,450
387,33.41,33.41,33.41,33.41,400
389,33.41,33.41,33.41,33.41,450
390,33.42,33.42,33.42,33.42,443
a1425393000,33.41,33.41,33.41,33.41,15720
1,33.35,33.35,33.35,33.35,1200
3,33.3,33.3,33.3,33.3,1000
5,33.3,33.3,33.3,33.3,2102
11,33.32,33.32,33.32,33.32,900
34,33.26,33.26,33.26,33.26,100
44,33.27,33.27,33.27,33.27,100
56,33.2,33.21,33.2,33.21,200
61,33.2,33.2,33.2,33.2,1600
63,33.2,33.2,33.2,33.2,300
67,33.2,33.2,33.2,33.2,500
69,33.209,33.209,33.209,33.209,200
73,33.22,33.22,33.22,33.22,900
80,33.22,33.22,33.22,33.22,1500
82,33.19,33.2,33.19,33.2,290
96,33.15,33.15,33.15,33.15,1700
102,33.13,33.13,33.13,33.13,300
104,33.11,33.11,33.11,33.11,600
111,33.125,33.125,33.125,33.125,500
113,33.13,33.13,33.13,33.13,1500
121,33.1,33.1,33.1,33.1,100
125,33.08,33.08,33.08,33.08,600
131,33.06,33.06,33.06,33.06,1700
132,33.05,33.05,33.05,33.05,100
138,33.04,33.04,33.04,33.04,500
140,33.05,33.05,33.05,33.05,1600
146,33.11,33.11,33.11,33.11,1700
149,33.1,33.1,33.1,33.1,115
154,33.09,33.09,33.09,33.09,100
159,33.09,33.09,33.09,33.09,2100
172,33.06,33.07,33.06,33.07,1000
176,33.05,33.05,33.05,33.05,600
181,33.03,33.03,33.03,33.03,1700
187,33.06,33.06,33.06,33.06,1600
193,33.06,33.06,33.06,33.06,500
194,33.06,33.06,33.06,33.06,100
196,33.06,33.06,33.06,33.06,400
199,33.05,33.05,33.05,33.05,300
204,33.07,33.07,33.07,33.07,1700
209,33.11,33.11,33.11,33.11,1600
214,33.12,33.12,33.12,33.12,600
222,33.12,33.12,33.12,33.12,300
224,33.11,33.11,33.11,33.11,1500
233,33.11,33.11,33.11,33.11,2100
239,33.11,33.11,33.11,33.11,700
241,33.11,33.11,33.11,33.11,400
242,33.11,33.11,33.11,33.11,1500
249,33.12,33.12,33.12,33.12,2200
251,33.105,33.115,33.105,33.115,900
253,33.1,33.1,33.1,33.1,200
260,33.1,33.1,33.1,33.1,600
262,33.1,33.1,33.1,33.1,1600
275,33.105,33.105,33.105,33.105,100
279,33.095,33.095,33.095,33.095,100
281,33.13,33.13,33.13,33.13,300
283,33.13,33.13,33.13,33.13,700
285,33.13,33.13,33.13,33.13,200
286,33.14,33.14,33.14,33.14,400
288,33.14,33.14,33.14,33.14,700
289,33.14,33.14,33.14,33.14,1600
294,33.14,33.14,33.14,33.14,500
295,33.15,33.15,33.15,33.15,100
296,33.16,33.16,33.16,33.16,1800
302,33.18,33.18,33.18,33.18,1600
305,33.16,33.16,33.16,33.16,200
306,33.16,33.16,33.16,33.16,400
313,33.15,33.15,33.15,33.15,1100
315,33.13,33.13,33.13,33.13,100
318,33.125,33.125,33.12,33.12,2000
325,33.14,33.14,33.14,33.14,1700
333,33.14,33.14,33.14,33.14,2400
335,33.15,33.15,33.15,33.15,100
338,33.15,33.15,33.15,33.15,1800
341,33.14,33.14,33.14,33.14,1300
345,33.13,33.13,33.13,33.13,700
348,33.12,33.12,33.12,33.12,300
351,33.12,33.12,33.1,33.11,2895
353,33.13,33.13,33.13,33.13,1800
356,33.16,33.16,33.16,33.16,100
359,33.16,33.16,33.16,33.16,1700
364,33.17,33.17,33.17,33.17,2000
368,33.17,33.17,33.17,33.17,200
370,33.16,33.16,33.16,33.16,200
371,33.16,33.16,33.16,33.16,100
379,33.15,33.15,33.15,33.15,1700
381,33.15,33.15,33.15,33.15,100
385,33.15,33.15,33.15,33.15,344
387,33.15,33.15,33.15,33.15,100
389,33.15,33.15,33.15,33.15,2100
390,33.15,33.15,33.15,33.15,897
a1425479400,33.09,33.09,33.09,33.09,2177
6,33,33,33,33,400
8,32.97,32.97,32.97,32.97,202
10,32.93,32.95,32.93,32.95,1109
12,32.9,32.9,32.9,32.9,100
15,32.86,32.86,32.86,32.86,760
18,32.89,32.89,32.89,32.89,7024
36,32.9,32.9,32.9,32.9,200
178,33.049,33.049,33.049,33.049,100
228,33.03,33.03,33.03,33.03,1200
254,33.05,33.05,33.05,33.05,800
268,32.99,32.99,32.99,32.99,4600
271,32.99,32.99,32.99,32.99,300
302,33,33,33,33,600
306,33,33,33,33,3400
309,33.01,33.01,33.01,33.01,400
317,33.03,33.03,33.03,33.03,3300
318,33.05,33.05,33.05,33.05,100
322,33.06,33.06,33.06,33.06,700
335,33.07,33.07,33.07,33.07,100
343,33.06,33.06,33.06,33.06,100
346,33.06,33.06,33.06,33.06,500
351,33.05,33.05,33.05,33.05,848
353,33.04,33.04,33.04,33.04,200
354,33.05,33.05,33.05,33.05,1527
359,33.05,33.05,33.05,33.05,100
365,33.07,33.07,33.07,33.07,200
371,33.04,33.04,33.04,33.04,200
383,33.02,33.02,33.02,33.02,573
385,33.01,33.01,33.01,33.01,300
387,33.01,33.01,33.01,33.01,100
389,33.03,33.03,33.02,33.02,1100
a1425565800,33.16,33.16,33.16,33.16,4489
3,33.05,33.05,33.05,33.05,100
7,33.02,33.02,33.02,33.02,150
21,33.07,33.07,33.07,33.07,300
28,33.08,33.08,33.08,33.08,100
42,33.075,33.09,33.075,33.09,1100
43,33.075,33.075,33.07,33.07,600
48,33.06,33.06,33.06,33.06,300
72,33.08,33.08,33.08,33.08,2088
85,33.09,33.09,33.09,33.09,700
124,33.04,33.04,33.04,33.04,114
165,33.04,33.04,33.04,33.04,500
169,33.02,33.02,33.02,33.02,1000
170,33.02,33.02,33.02,33.02,6800
171,33,33,33,33,500
193,33.01,33.01,33.01,33.01,3300
194,32.99,32.99,32.99,32.99,400
202,32.94,32.94,32.94,32.94,200
212,32.92,32.92,32.92,32.92,300
226,32.94,32.94,32.94,32.94,600
228,32.95,32.95,32.95,32.95,100
232,32.95,32.95,32.95,32.95,600
234,32.93,32.93,32.92,32.92,800
241,32.95,32.95,32.95,32.95,600
242,32.97,32.97,32.94,32.95,3710
261,32.99,32.99,32.99,32.99,100
288,33.03,33.03,33.03,33.03,100
304,33.02,33.02,33.02,33.02,2400
309,33.01,33.01,33.01,33.01,100
311,33.01,33.01,33.01,33.01,100
312,33.03,33.03,33.03,33.03,100
314,33,33.02,33,33.02,800
317,33.01,33.01,33.01,33.01,100
320,33,33,33,33,200
321,33,33,33,33,100
324,33.06,33.06,33.06,33.06,100
325,33.07,33.07,33.07,33.07,100
330,33.06,33.06,33.06,33.06,100
331,33.05,33.05,33.05,33.05,100
333,33.02,33.02,33.02,33.02,100
334,33.02,33.02,33.02,33.02,400
335,33.03,33.03,33.03,33.03,100
336,33.03,33.03,33.03,33.03,300
337,33.01,33.03,33.01,33.03,400
339,33,33.01,33,33.01,800
340,33,33,33,33,100
341,33.01,33.01,33.01,33.01,2377
342,33.02,33.02,33.02,33.02,100
344,33.02,33.02,33.02,33.02,100
345,33.02,33.02,33.02,33.02,100
346,33.03,33.03,33.03,33.03,200
347,33.04,33.04,33.04,33.04,100
351,33.03,33.03,33.03,33.03,100
353,33.03,33.03,33.03,33.03,100
354,33.03,33.03,33.03,33.03,100
355,33.04,33.04,33.04,33.04,100
357,33.05,33.05,33.05,33.05,100
358,33.04,33.04,33.04,33.04,100
359,33.04,33.04,33.04,33.04,100
362,33.01,33.03,33.01,33.03,1300
379,33.02,33.02,33.02,33.02,852
381,33.02,33.02,33.02,33.02,100
a1425652200,33.14,33.14,33.14,33.14,5587
1,33.05,33.06,33.05,33.06,200
7,33.02,33.02,33.02,33.02,300
12,33.019,33.019,33.019,33.019,200
20,33.01,33.01,33.01,33.01,100
24,32.97,32.97,32.97,32.97,1369
32,33.07,33.07,33.07,33.07,500
45,33.02,33.02,33.02,33.02,500
46,33.01,33.01,33.01,33.01,500
48,33.02,33.02,33.02,33.02,922
58,33.04,33.04,33.04,33.04,300
69,33.03,33.03,33.03,33.03,100
78,33.03,33.03,33.03,33.03,700
99,32.9,32.9,32.9,32.9,300
107,32.89,32.89,32.89,32.89,100
123,32.8,32.8,32.8,32.8,280
127,32.8,32.81,32.8,32.81,4100
155,32.82,32.82,32.82,32.82,120
217,32.73,32.73,32.73,32.73,100
241,32.7,32.7,32.7,32.7,400
258,32.67,32.67,32.67,32.67,100
308,32.67,32.68,32.67,32.68,1000
322,32.65,32.65,32.64,32.64,600
330,32.64,32.64,32.64,32.64,300
350,32.67,32.67,32.67,32.67,153
370,32.62,32.62,32.62,32.62,1500
371,32.61,32.61,32.61,32.61,699
372,32.61,32.61,32.61,32.61,175
374,32.6,32.6,32.6,32.6,100
375,32.6,32.6,32.6,32.6,3570
381,32.6,32.61,32.6,32.61,1200
382,32.6,32.61,32.6,32.61,200
384,32.62,32.62,32.62,32.62,100
385,32.62,32.63,32.62,32.62,918
386,32.64,32.64,32.64,32.64,100
390,32.65,32.65,32.65,32.65,271
TIMEZONE_OFFSET=-240
a1425907800,32.81,32.81,32.81,32.81,7290
9,32.68,32.68,32.68,32.68,1731
74,32.73,32.73,32.73,32.73,1450
76,32.72,32.72,32.72,32.72,200
107,32.74,32.74,32.74,32.74,100
136,32.78,32.78,32.78,32.78,500
144,32.74,32.74,32.74,32.74,100
222,32.78,32.78,32.78,32.78,400
225,32.79,32.79,32.79,32.79,100
228,32.77,32.78,32.77,32.78,400
269,32.88,32.89,32.88,32.89,1200
271,32.87,32.87,32.87,32.87,400
281,32.85,32.85,32.85,32.85,300
282,32.84,32.84,32.84,32.84,300
297,32.8,32.81,32.8,32.81,900
303,32.78,32.78,32.78,32.78,100
320,32.76,32.76,32.76,32.76,100
353,32.81,32.81,32.81,32.81,100
375,32.81,32.81,32.81,32.81,800
385,32.83,32.83,32.83,32.83,100
388,32.81,32.81,32.81,32.81,100
390,32.8,32.8,32.8,32.8,309
a1425994200,32.6,32.6,32.6,32.6,7483
1,32.6,32.6,32.6,32.6,1757
11,32.54,32.54,32.54,32.54,197
15,32.47,32.51,32.47,32.51,2260
20,32.45,32.46,32.45,32.46,200
22,32.4,32.4,32.4,32.4,1445
42,32.38,32.38,32.38,32.38,100
44,32.37,32.37,32.37,32.37,746
85,32.31,32.31,32.31,32.31,200
129,32.35,32.35,32.35,32.35,500
140,32.31,32.31,32.31,32.31,100
151,32.23,32.23,32.23,32.23,100
176,32.2,32.2,32.2,32.2,120
185,32.19,32.19,32.19,32.19,200
191,32.21,32.21,32.21,32.21,600
199,32.22,32.22,32.22,32.22,300
270,32.25,32.25,32.25,32.25,100
303,32.21,32.21,32.21,32.21,100
308,32.2,32.2,32.2,32.2,100
323,32.22,32.22,32.22,32.22,100
325,32.21,32.21,32.21,32.21,700
330,32.2,32.2,32.2,32.2,600
341,32.22,32.22,32.22,32.22,500
376,32.21,32.21,32.21,32.21,100
387,32.13,32.15,32.13,32.15,300
388,32.15,32.15,32.15,32.15,100
389,32.14,32.14,32.14,32.14,100
390,32.13,32.13,32.13,32.13,250
a1426080600,32.15,32.15,32.15,32.15,5330
4,32.1,32.1,32.1,32.1,920
6,32.08,32.08,32.08,32.08,200
15,32.12,32.12,32.12,32.12,376
28,32.17,32.17,32.17,32.17,100
47,32.149,32.149,32.149,32.149,100
63,32.12,32.12,32.12,32.12,500
84,32.03,32.03,32.03,32.03,100
142,32.12,32.12,32.12,32.12,100
257,31.99,32.01,31.99,32.01,500
283,32.03,32.03,32.03,32.03,100
289,32.09,32.09,32.09,32.09,100
293,32.08,32.08,32.08,32.08,700
335,32.08,32.08,32.08,32.08,711
342,32.04,32.04,32.04,32.04,400
348,32.02,32.02,32.02,32.02,300
360,31.97,31.97,31.97,31.97,100
363,31.95,31.95,31.95,31.95,400
364,31.95,31.95,31.95,31.95,200
365,31.95,31.95,31.95,31.95,400
372,31.95,31.95,31.95,31.95,300
376,31.99,31.99,31.99,31.99,100
382,31.96,31.96,31.96,31.96,100
384,31.97,31.97,31.97,31.97,881
385,31.97,31.97,31.97,31.97,200
386,31.98,31.98,31.98,31.98,100
387,31.98,31.98,31.98,31.98,150
389,31.98,31.98,31.98,31.98,100
390,31.96,31.96,31.96,31.96,100
a1426167000,31.89,31.89,31.89,31.89,11138
1,31.82,31.82,31.82,31.82,111
7,31.98,31.98,31.98,31.98,100
10,31.96,31.96,31.96,31.96,700
93,32.02,32.02,32.02,32.02,919
123,32.11,32.11,32.11,32.11,200
302,32.09,32.09,32.09,32.09,300
311,32.07,32.07,32.07,32.07,300
345,32.13,32.13,32.13,32.13,300
348,32.125,32.125,32.125,32.125,200
365,32.13,32.13,32.13,32.13,1800
378,32.15,32.15,32.15,32.15,100
a1426253400,32.12,32.12,32.12,32.12,4486
3,32.08,32.08,32.08,32.08,200
136,31.85,31.85,31.85,31.85,600
154,31.8,31.8,31.8,31.8,200
156,31.82,31.82,31.82,31.82,100
177,31.85,31.85,31.85,31.85,1200
232,31.82,31.82,31.82,31.82,300
236,31.81,31.81,31.81,31.81,300
259,31.84,31.84,31.84,31.84,205
267,31.84,31.84,31.84,31.84,100
271,31.85,31.85,31.85,31.85,701
274,31.83,31.83,31.83,31.83,200
281,31.82,31.82,31.82,31.82,300
285,31.83,31.83,31.83,31.83,400
290,31.82,31.82,31.82,31.82,300
291,31.82,31.82,31.82,31.82,100
297,31.81,31.81,31.8,31.8,400
298,31.82,31.82,31.82,31.82,300
300,31.84,31.84,31.83,31.83,700
302,31.85,31.85,31.85,31.85,100
304,31.85,31.85,31.85,31.85,100
305,31.86,31.86,31.86,31.86,500
307,31.86,31.86,31.86,31.86,2300
309,31.83,31.83,31.83,31.83,200
314,31.8,31.8,31.8,31.8,100
317,31.83,31.83,31.83,31.83,200
318,31.84,31.84,31.84,31.84,400
322,31.84,31.84,31.84,31.84,100
325,31.82,31.82,31.82,31.82,100
327,31.81,31.81,31.81,31.81,100
328,31.84,31.84,31.83,31.83,200
330,31.86,31.86,31.85,31.85,400
333,31.85,31.85,31.85,31.85,300
383,31.98,31.98,31.98,31.98,1400
387,32.02,32.02,32.02,32.02,100
389,32.01,32.01,32.01,32.01,140
a1426512600,32.12,32.12,32.12,32.12,1746
22,32.19,32.19,32.19,32.19,100
242,32.24,32.24,32.24,32.24,3100
257,32.28,32.28,32.28,32.28,100
271,32.29,32.29,32.29,32.29,400
309,32.3,32.3,32.3,32.3,400
a1426599000,32.33,32.33,32.33,32.33,2899
7,32.32,32.32,32.32,32.32,100
10,32.32,32.32,32.32,32.32,100
61,32.3,32.3,32.3,32.3,100
193,32.35,32.35,32.35,32.35,200
227,32.42,32.42,32.42,32.42,100
371,32.45,32.45,32.45,32.45,800
372,32.43,32.43,32.43,32.43,500
389,32.39,32.39,32.39,32.39,105
390,32.4,32.4,32.4,32.4,100
a1426685400,32.35,32.35,32.35,32.35,4070
5,32.35,32.35,32.35,32.35,272
117,32.41,32.41,32.41,32.41,200
120,32.4,32.4,32.4,32.4,100
137,32.37,32.37,32.37,32.37,200
162,32.35,32.35,32.35,32.35,500
217,32.3,32.3,32.3,32.3,100
220,32.31,32.31,32.31,32.31,100
227,32.3,32.3,32.3,32.3,200
244,32.29,32.29,32.29,32.29,700
269,32.31,32.31,32.31,32.31,100
279,32.67,32.67,32.67,32.67,200
289,32.72,32.72,32.72,32.72,100
293,32.68,32.68,32.68,32.68,600
295,32.66,32.66,32.66,32.66,100
