EXCHANGE%3DNYSEARCA
MARKET_OPEN_MINUTE=570
MARKET_CLOSE_MINUTE=960
INTERVAL=60
COLUMNS=DATE,CLOSE,HIGH,LOW,OPEN,VOLUME
DATA=
TIMEZONE_OFFSET=-240
a1426791360,43.21,43.21,43.21,43.21,300
13,43.22,43.22,43.22,43.22,100
15,43.22,43.22,43.22,43.22,1300
19,43.24,43.24,43.24,43.24,300
23,43.26,43.26,43.24,43.24,400
25,43.28,43.28,43.28,43.28,1631
26,43.29,43.29,43.29,43.29,200
29,43.27,43.27,43.27,43.27,1000
30,43.26,43.26,43.26,43.26,800
37,43.28,43.28,43.28,43.28,200
47,43.28,43.28,43.28,43.28,250
59,43.27,43.27,43.27,43.27,100
60,43.291,43.291,43.291,43.291,297
62,43.29,43.29,43.29,43.29,100
64,43.28,43.28,43.23,43.25,700
a1426858200,43.5,43.5,43.5,43.5,8564
2,43.61,43.61,43.61,43.61,100
15,43.57,43.57,43.57,43.57,100
22,43.6,43.6,43.6,43.6,100
24,43.6,43.6,43.6,43.6,100
30,43.611,43.62,43.611,43.62,1527
32,43.62,43.62,43.62,43.62,100
33,43.62,43.62,43.62,43.62,415
42,43.66,43.66,43.66,43.66,100
44,43.68,43.68,43.67,43.67,600
49,43.69,43.69,43.69,43.69,300
50,43.69,43.69,43.69,43.69,500
53,43.67,43.67,43.66,43.66,4600
68,43.641,43.65,43.641,43.65,1231
69,43.65,43.65,43.65,43.65,200
71,43.65,43.65,43.65,43.65,100
75,43.68,43.68,43.68,43.68,800
76,43.68,43.68,43.68,43.68,400
79,43.66,43.66,43.66,43.66,500
80,43.66,43.66,43.66,43.66,400
81,43.65,43.65,43.65,43.65,800
82,43.65,43.65,43.65,43.65,702
85,43.61,43.61,43.61,43.61,100
86,43.61,43.61,43.61,43.61,200
101,43.67,43.67,43.67,43.67,326
102,43.67,43.67,43.67,43.67,200
110,43.69,43.69,43.69,43.69,100
115,43.75,43.75,43.75,43.75,300
119,43.73,43.77,43.73,43.77,800
120,43.73,43.73,43.73,43.73,100
130,43.73,43.73,43.73,43.73,100
135,43.73,43.73,43.73,43.73,200
136,43.73,43.73,43.73,43.73,190
140,43.73,43.73,43.73,43.73,100
149,43.74,43.74,43.73,43.73,200
150,43.745,43.745,43.745,43.745,100
151,43.75,43.75,43.75,43.75,200
152,43.78,43.78,43.78,43.78,100
155,43.79,43.79,43.79,43.79,500
156,43.78,43.78,43.78,43.78,200
157,43.79,43.79,43.79,43.79,500
165,43.81,43.81,43.79,43.79,981
168,43.77,43.77,43.77,43.77,100
172,43.78,43.78,43.78,43.78,100
173,43.78,43.78,43.78,43.78,100
178,43.76,43.77,43.76,43.77,4000
179,43.75,43.75,43.75,43.75,18095
181,43.79,43.79,43.79,43.79,400
184,43.77,43.77,43.77,43.77,100
186,43.82,43.82,43.82,43.82,100
189,43.85,43.85,43.85,43.85,301
193,43.83,43.83,43.83,43.83,100
198,43.84,43.84,43.84,43.84,300
201,43.84,43.84,43.84,43.84,200
203,43.88,43.88,43.88,43.88,400
205,43.89,43.89,43.89,43.89,600
206,43.9,43.9,43.9,43.9,500
208,43.9,43.9,43.9,43.9,600
211,43.9,43.9,43.9,43.9,200
213,43.88,43.88,43.88,43.88,241
215,43.88,43.88,43.88,43.88,100
218,43.88,43.88,43.88,43.88,200
228,43.93,43.93,43.92,43.92,500
234,43.91,43.91,43.91,43.91,200
239,43.92,43.92,43.92,43.92,200
241,43.9,43.9,43.9,43.9,543
251,43.9,43.9,43.9,43.9,300
253,43.9,43.9,43.9,43.9,200
256,43.9,43.9,43.9,43.9,2077
257,43.9,43.9,43.9,43.9,100
263,43.93,43.93,43.93,43.93,100
267,43.9,43.9,43.9,43.9,100
268,43.89,43.89,43.89,43.89,200
276,43.89,43.89,43.89,43.89,225
277,43.89,43.89,43.89,43.89,100
284,43.89,43.89,43.89,43.89,200
287,43.89,43.89,43.89,43.89,100
301,43.87,43.87,43.87,43.87,200
316,43.86,43.86,43.86,43.86,178
317,43.86,43.86,43.86,43.86,200
321,43.89,43.89,43.89,43.89,100
326,43.87,43.87,43.87,43.87,100
331,43.88,43.88,43.88,43.88,100
334,43.89,43.89,43.88,43.88,400
336,43.89,43.89,43.89,43.89,100
344,43.91,43.91,43.91,43.91,100
346,43.88,43.88,43.88,43.88,300
348,43.88,43.88,43.88,43.88,1223
350,43.83,43.84,43.83,43.84,900
355,43.84,43.84,43.84,43.84,100
358,43.85,43.85,43.85,43.85,200
361,43.86,43.86,43.85,43.85,700
362,43.85,43.85,43.85,43.85,100
371,43.88,43.88,43.88,43.88,100
376,43.87,43.87,43.87,43.87,200
380,43.86,43.86,43.86,43.86,100
382,43.85,43.85,43.85,43.85,300
387,43.86,43.86,43.86,43.86,100
390,43.84,43.86,43.82,43.83,559
a1427117400,43.9,43.9,43.85,43.85,8760
3,43.97,43.97,43.97,43.97,100
5,44,44,44,44,2623
11,44.05,44.05,44.05,44.05,150
29,44,44,44,44,400
44,44.01,44.01,44.01,44.01,100
50,44,44,44,44,100
51,44.04,44.04,44.04,44.04,100
55,44.05,44.05,44.05,44.05,233
63,44,44,44,44,200
68,44,44,44,44,100
81,44.02,44.02,44.02,44.02,100
86,44,44,44,44,200
87,44.03,44.03,44.03,44.03,100
94,43.97,43.99,43.96,43.99,823
106,43.93,43.93,43.93,43.93,100
110,43.94,43.94,43.94,43.94,100
145,43.97,43.97,43.96,43.96,1000
148,43.97,43.97,43.97,43.97,100
171,43.97,43.97,43.97,43.97,200
174,44.01,44.01,44.01,44.01,100
185,44.1,44.1,44.09,44.09,200
260,44.12,44.12,44.12,44.12,100
276,44.11,44.11,44.11,44.11,200
317,44.111,44.111,44.111,44.111,700
318,44.111,44.111,44.111,44.111,800
319,44.111,44.111,44.111,44.111,200
320,44.11,44.11,44.11,44.11,100
340,44.14,44.14,44.14,44.14,100
353,44.13,44.13,44.12,44.12,270
368,44.12,44.12,44.12,44.12,100
381,44.14,44.14,44.14,44.14,322
382,44.15,44.15,44.15,44.15,355
389,44.13,44.13,44.13,44.13,1454
390,44.1,44.12,44.07,44.12,2153
a1427203800,44.13,44.13,44.13,44.13,3652
31,44.18,44.18,44.17,44.17,400
35,44.2,44.2,44.2,44.2,1050
44,44.22,44.22,44.22,44.22,200
45,44.23,44.23,44.23,44.23,1318
48,44.22,44.23,44.22,44.23,955
55,44.22,44.22,44.22,44.22,260
69,44.19,44.2,44.19,44.2,400
81,44.19,44.19,44.19,44.19,200
82,44.18,44.2,44.18,44.2,4745
93,44.2,44.2,44.2,44.2,104
98,44.21,44.21,44.21,44.21,400
121,44.17,44.17,44.17,44.17,200
132,44.18,44.18,44.18,44.18,100
134,44.171,44.18,44.171,44.18,470
177,44.21,44.21,44.21,44.21,100
232,44.22,44.22,44.22,44.22,300
252,44.21,44.21,44.21,44.21,330
281,44.22,44.22,44.22,44.22,200
315,44.21,44.21,44.21,44.21,650
316,44.21,44.21,44.21,44.21,300
335,44.23,44.23,44.23,44.23,800
336,44.25,44.25,44.25,44.25,100
339,44.27,44.27,44.27,44.27,100
351,44.26,44.26,44.26,44.26,600
352,44.26,44.26,44.26,44.26,1172
356,44.26,44.26,44.26,44.26,516
365,44.27,44.27,44.27,44.27,200
379,44.28,44.28,44.28,44.28,449
380,44.28,44.28,44.28,44.28,1014
382,44.29,44.29,44.29,44.29,100
384,44.3,44.3,44.3,44.3,500
387,44.3,44.3,44.3,44.3,1062
a1427290200,44.24,44.24,44.24,44.24,2670
1,44.29,44.29,44.29,44.29,100
29,44.14,44.14,44.14,44.14,393
71,44.11,44.13,44.11,44.13,5200
72,44.11,44.12,44.1,44.12,900
95,44.15,44.15,44.15,44.15,1300
114,44.05,44.05,44.05,44.05,1100
121,44.03,44.04,44.03,44.04,1100
122,44.02,44.02,44.01,44.01,200
126,44,44,44,44,800
142,43.96,43.96,43.96,43.96,100
143,43.98,43.98,43.98,43.98,300
144,43.98,43.98,43.98,43.98,100
172,43.94,43.94,43.94,43.94,100
178,43.93,43.93,43.92,43.92,1670
179,43.91,43.91,43.91,43.91,1500
192,43.88,43.88,43.88,43.88,300
196,43.88,43.88,43.88,43.88,1500
208,43.9,43.9,43.9,43.9,100
216,43.87,43.87,43.87,43.87,100
223,43.82,43.82,43.82,43.82,418
227,43.8,43.8,43.8,43.8,913
228,43.77,43.77,43.77,43.77,200
230,43.79,43.79,43.78,43.78,600
234,43.8,43.8,43.79,43.79,790
240,43.87,43.87,43.87,43.87,100
241,43.86,43.87,43.86,43.87,200
243,43.83,43.83,43.83,43.83,400
249,43.84,43.84,43.84,43.84,1243
251,43.85,43.85,43.84,43.84,200
253,43.85,43.85,43.85,43.85,1700
261,43.87,43.87,43.87,43.87,100
262,43.86,43.86,43.86,43.86,100
263,43.85,43.85,43.85,43.85,200
271,43.81,43.81,43.81,43.81,200
279,43.82,43.82,43.82,43.82,482
300,43.86,43.86,43.86,43.86,300
320,43.83,43.83,43.83,43.83,589
322,43.84,43.84,43.83,43.83,800
324,43.85,43.85,43.85,43.85,400
336,43.77,43.77,43.77,43.77,200
342,43.78,43.78,43.78,43.78,300
344,43.79,43.79,43.79,43.79,300
347,43.79,43.8,43.79,43.79,8390
348,43.79,43.79,43.79,43.79,7900
350,43.78,43.78,43.78,43.78,300
351,43.79,43.79,43.79,43.79,600
352,43.79,43.79,43.79,43.79,500
390,43.74,43.74,43.74,43.74,356
a1427376600,43.74,43.74,43.74,43.74,1881
56,43.51,43.51,43.51,43.51,800
75,43.52,43.52,43.52,43.52,100
78,43.58,43.58,43.58,43.58,1835
97,43.59,43.59,43.59,43.59,646
113,43.61,43.61,43.61,43.61,100
136,43.71,43.71,43.71,43.71,125
150,43.71,43.71,43.71,43.71,100
179,43.71,43.71,43.71,43.71,425
187,43.73,43.73,43.73,43.73,100
188,43.73,43.73,43.73,43.73,200
191,43.74,43.74,43.74,43.74,100
193,43.73,43.73,43.73,43.73,100
197,43.73,43.73,43.73,43.73,100
207,43.78,43.78,43.78,43.78,100
212,43.71,43.74,43.71,43.74,300
223,43.74,43.74,43.74,43.74,100
224,43.74,43.74,43.74,43.74,100
226,43.66,43.69,43.66,43.69,200
227,43.65,43.66,43.65,43.66,200
228,43.67,43.67,43.66,43.66,200
231,43.69,43.69,43.69,43.69,300
240,43.7,43.7,43.7,43.7,500
241,43.71,43.71,43.71,43.71,100
244,43.72,43.72,43.72,43.72,100
262,43.7,43.7,43.7,43.7,183
268,43.69,43.69,43.69,43.69,300
273,43.7,43.7,43.7,43.7,100
276,43.7,43.7,43.7,43.7,100
287,43.67,43.67,43.66,43.66,900
295,43.74,43.74,43.74,43.74,100
304,43.67,43.67,43.67,43.67,100
312,43.73,43.73,43.73,43.73,100
315,43.75,43.75,43.75,43.75,100
320,43.74,43.74,43.74,43.74,100
340,43.72,43.72,43.72,43.72,100
343,43.72,43.72,43.72,43.72,100
352,43.71,43.71,43.71,43.71,100
359,43.73,43.73,43.73,43.73,100
383,43.74,43.74,43.73,43.73,500
390,43.68,43.69,43.68,43.68,534
a1427463000,43.68,43.68,43.68,43.68,2439
55,43.68,43.68,43.68,43.68,100
81,43.6,43.6,43.6,43.6,200
105,43.62,43.64,43.62,43.64,444
108,43.61,43.61,43.61,43.61,100
116,43.61,43.61,43.61,43.61,200
119,43.7,43.71,43.7,43.71,1052
133,43.69,43.69,43.69,43.69,131
136,43.6,43.6,43.6,43.6,100
164,43.66,43.66,43.66,43.66,100
191,43.68,43.68,43.68,43.68,100
195,43.719,43.719,43.719,43.719,375
212,43.71,43.71,43.71,43.71,100
217,43.72,43.72,43.72,43.72,200
218,43.7,43.7,43.7,43.7,100
241,43.78,43.78,43.77,43.77,1000
246,43.7,43.7,43.7,43.7,100
273,43.74,43.74,43.74,43.74,100
285,43.769,43.769,43.75,43.75,1800
299,43.71,43.71,43.71,43.71,100
325,43.74,43.74,43.74,43.74,350
328,43.71,43.71,43.71,43.71,100
330,43.73,43.73,43.73,43.73,500
337,43.73,43.73,43.73,43.73,300
347,43.71,43.71,43.71,43.71,846
352,43.73,43.73,43.73,43.73,100
354,43.72,43.72,43.72,43.72,100
362,43.73,43.73,43.73,43.73,400
366,43.74,43.74,43.74,43.74,300
376,43.79,43.79,43.79,43.79,200
379,43.78,43.78,43.78,43.78,150
390,43.75,43.77,43.75,43.77,300
a1427722200,43.97,43.97,43.97,43.97,16222
1,44,44,43.98,43.98,312
2,44,44,44,44,1242
25,44.17,44.17,44.17,44.17,300
30,44.11,44.11,44.11,44.11,100
47,44.15,44.15,44.15,44.15,100
54,44.15,44.16,44.15,44.16,400
55,44.15,44.15,44.15,44.15,300
60,44.16,44.16,44.16,44.16,200
64,44.17,44.17,44.17,44.17,100
80,44.2,44.2,44.2,44.2,617
82,44.19,44.19,44.19,44.19,100
85,44.21,44.21,44.21,44.21,291
88,44.19,44.19,44.19,44.19,100
98,44.2,44.2,44.2,44.2,317
99,44.2,44.2,44.2,44.2,200
103,44.21,44.21,44.21,44.21,500
107,44.22,44.22,44.22,44.22,325
108,44.239,44.239,44.239,44.239,111
115,44.22,44.22,44.22,44.22,100
116,44.22,44.22,44.22,44.22,100
129,44.22,44.22,44.22,44.22,100
131,44.22,44.22,44.22,44.22,439
143,44.19,44.19,44.19,44.19,200
149,44.2,44.2,44.2,44.2,100
154,44.23,44.23,44.23,44.23,435
163,44.24,44.24,44.24,44.24,400
165,44.25,44.25,44.25,44.25,100
168,44.27,44.27,44.27,44.27,300
169,44.27,44.27,44.27,44.27,100
181,44.27,44.27,44.27,44.27,100
182,44.265,44.265,44.265,44.265,100
183,44.265,44.265,44.265,44.265,337
193,44.28,44.28,44.27,44.27,600
196,44.3,44.3,44.3,44.3,100
197,44.29,44.29,44.29,44.29,100
198,44.31,44.31,44.31,44.31,200
206,44.31,44.31,44.31,44.31,100
212,44.31,44.31,44.31,44.31,100
214,44.31,44.31,44.31,44.31,100
215,44.31,44.31,44.31,44.31,100
223,44.32,44.32,44.32,44.32,100
230,44.31,44.31,44.31,44.31,100
236,44.33,44.33,44.33,44.33,500
247,44.34,44.34,44.34,44.34,100
250,44.34,44.34,44.34,44.34,100
251,44.34,44.34,44.34,44.34,100
255,44.36,44.36,44.36,44.36,145
256,44.34,44.34,44.34,44.34,100
259,44.34,44.34,44.34,44.34,437
260,44.34,44.34,44.34,44.34,519
261,44.34,44.34,44.34,44.34,212
262,44.33,44.33,44.33,44.33,100
265,44.33,44.33,44.33,44.33,100
267,44.33,44.33,44.33,44.33,100
270,44.33,44.33,44.33,44.33,100
272,44.35,44.35,44.35,44.35,200
276,44.37,44.37,44.37,44.37,100
277,44.35,44.36,44.35,44.36,200
278,44.36,44.36,44.36,44.36,100
287,44.38,44.38,44.38,44.38,100
294,44.39,44.39,44.39,44.39,100
296,44.39,44.39,44.39,44.39,635
299,44.4,44.4,44.4,44.4,100
300,44.41,44.41,44.4,44.4,500
305,44.38,44.38,44.38,44.38,200
311,44.37,44.37,44.37,44.37,100
313,44.38,44.38,44.38,44.38,100
319,44.38,44.38,44.38,44.38,100
324,44.37,44.38,44.37,44.38,900
327,44.37,44.37,44.37,44.37,100
333,44.39,44.39,44.39,44.39,200
338,44.39,44.39,44.39,44.39,100
343,44.38,44.38,44.38,44.38,200
347,44.38,44.38,44.38,44.38,100
350,44.4,44.4,44.4,44.4,686
352,44.39,44.39,44.39,44.39,100
356,44.39,44.39,44.39,44.39,100
359,44.39,44.39,44.39,44.39,100
360,44.39,44.39,44.39,44.39,100
361,44.39,44.39,44.39,44.39,200
364,44.38,44.38,44.38,44.38,100
366,44.38,44.38,44.38,44.38,400
368,44.39,44.39,44.39,44.39,100
372,44.39,44.39,44.39,44.39,100
375,44.39,44.39,44.39,44.39,100
378,44.39,44.39,44.39,44.39,200
380,44.39,44.39,44.39,44.39,100
381,44.38,44.39,44.38,44.39,200
382,44.38,44.38,44.38,44.38,100
383,44.37,44.37,44.37,44.37,100
384,44.37,44.37,44.37,44.37,100
385,44.36,44.36,44.36,44.36,200
389,44.34,44.34,44.34,44.34,741
390,44.37,44.37,44.32,44.34,769
a1427808600,44.1,44.18,44.1,44.18,22456
1,44.15,44.15,44.15,44.15,1900
18,44.14,44.14,44.14,44.14,100
24,44.14,44.14,44.14,44.14,100
30,44.15,44.16,44.15,44.16,300
36,44.14,44.14,44.14,44.14,100
42,44.14,44.19,44.14,44.19,200
43,44.14,44.14,44.14,44.14,300
48,44.14,44.14,44.14,44.14,100
50,44.17,44.17,44.17,44.17,100
54,44.16,44.16,44.16,44.16,100
58,44.19,44.19,44.19,44.19,200
60,44.2,44.2,44.2,44.2,100
72,44.28,44.28,44.28,44.28,100
87,44.24,44.24,44.24,44.24,100
89,44.25,44.25,44.25,44.25,100
91,44.29,44.29,44.29,44.29,200
94,44.26,44.26,44.26,44.26,100
98,44.26,44.26,44.26,44.26,400
99,44.3,44.3,44.29,44.29,1114
101,44.27,44.27,44.27,44.27,100
105,44.29,44.29,44.29,44.29,100
111,44.29,44.29,44.29,44.29,100
115,44.28,44.28,44.28,44.28,300
116,44.28,44.28,44.28,44.28,100
122,44.24,44.24,44.24,44.24,100
127,44.24,44.24,44.24,44.24,100
130,44.24,44.24,44.24,44.24,300
133,44.25,44.25,44.25,44.25,100
145,44.25,44.25,44.25,44.25,300
149,44.25,44.25,44.25,44.25,100
154,44.24,44.24,44.24,44.24,100
158,44.24,44.24,44.24,44.24,300
160,44.24,44.24,44.24,44.24,100
165,44.2,44.2,44.2,44.2,100
170,44.22,44.22,44.22,44.22,100
173,44.23,44.23,44.23,44.23,300
175,44.23,44.23,44.23,44.23,100
181,44.23,44.23,44.23,44.23,100
186,44.23,44.23,44.23,44.23,100
187,44.23,44.23,44.23,44.23,300
191,44.25,44.25,44.25,44.25,100
202,44.23,44.23,44.23,44.23,400
207,44.23,44.23,44.23,44.23,100
208,44.26,44.26,44.26,44.26,300
212,44.25,44.25,44.25,44.25,100
216,44.25,44.25,44.25,44.25,300
217,44.25,44.25,44.25,44.25,100
223,44.251,44.251,44.25,44.25,260
231,44.26,44.26,44.26,44.26,300
245,44.26,44.26,44.26,44.26,300
247,44.26,44.26,44.26,44.26,100
252,44.26,44.26,44.26,44.26,100
256,44.26,44.26,44.26,44.26,100
259,44.23,44.23,44.23,44.23,300
261,44.22,44.22,44.22,44.22,100
265,44.21,44.21,44.21,44.21,100
270,44.2,44.2,44.2,44.2,100
274,44.21,44.21,44.21,44.21,300
275,44.2,44.2,44.2,44.2,100
279,44.21,44.21,44.21,44.21,100
284,44.28,44.28,44.21,44.21,1428
293,44.21,44.21,44.21,44.21,100
297,44.21,44.21,44.21,44.21,100
301,44.2,44.2,44.2,44.2,400
302,44.2,44.2,44.2,44.2,305
311,44.19,44.19,44.19,44.19,100
313,44.19,44.19,44.19,44.19,300
314,44.19,44.19,44.19,44.19,100
316,44.19,44.19,44.19,44.19,100
320,44.2,44.2,44.2,44.2,100
325,44.2,44.2,44.2,44.2,100
326,44.2,44.2,44.2,44.2,100
329,44.21,44.21,44.21,44.21,100
330,44.24,44.24,44.24,44.24,100
334,44.19,44.19,44.19,44.19,100
338,44.2,44.2,44.2,44.2,500
343,44.2,44.2,44.2,44.2,100
348,44.18,44.18,44.18,44.18,100
350,44.17,44.17,44.17,44.17,100
351,44.18,44.18,44.18,44.18,100
352,44.18,44.18,44.18,44.18,100
355,44.17,44.17,44.17,44.17,200
357,44.18,44.18,44.18,44.18,100
361,44.18,44.18,44.18,44.18,100
364,44.21,44.21,44.18,44.18,300
370,44.19,44.19,44.19,44.19,100
376,44.21,44.21,44.21,44.21,200
385,44.21,44.21,44.21,44.21,200
387,44.25,44.25,44.24,44.24,850
388,44.26,44.26,44.25,44.26,1200
389,44.3,44.3,44.26,44.26,1933
390,44.23,44.29,44.23,44.29,2193
a1427895000,44.51,44.51,44.51,44.51,2203
2,44.55,44.55,44.55,44.55,100
5,44.6,44.6,44.6,44.6,100
68,44.61,44.61,44.61,44.61,100
71,44.62,44.62,44.62,44.62,122
81,44.68,44.68,44.68,44.68,196
122,44.67,44.67,44.67,44.67,100
143,44.71,44.71,44.7,44.7,400
162,44.65,44.65,44.65,44.65,434
163,44.65,44.65,44.65,44.65,429
216,44.68,44.68,44.68,44.68,100
221,44.68,44.68,44.68,44.68,170
227,44.68,44.68,44.68,44.68,200
268,44.68,44.68,44.68,44.68,100
282,44.675,44.675,44.675,44.675,100
283,44.675,44.675,44.675,44.675,100
284,44.67,44.67,44.67,44.67,200
285,44.65,44.67,44.65,44.67,423
311,44.64,44.64,44.64,44.64,110
319,44.64,44.64,44.64,44.64,300
353,44.58,44.58,44.58,44.58,200
354,44.58,44.58,44.58,44.58,100
373,44.57,44.57,44.57,44.57,100
379,44.64,44.64,44.64,44.64,100
385,44.62,44.62,44.62,44.62,100
390,44.69,44.69,44.64,44.64,222
a1427981400,45.14,45.14,45.14,45.14,9127
12,45.26,45.26,45.26,45.26,200
21,45.34,45.34,45.34,45.34,100
24,45.39,45.39,45.39,45.39,400
27,45.36,45.36,45.36,45.36,300
97,45.32,45.32,45.32,45.32,100
106,45.32,45.32,45.32,45.32,100
110,45.31,45.31,45.31,45.31,100
119,45.32,45.33,45.32,45.33,200
126,45.33,45.33,45.33,45.33,100
145,45.32,45.32,45.32,45.32,100
153,45.32,45.32,45.32,45.32,300
156,45.329,45.329,45.329,45.329,350
164,45.32,45.32,45.32,45.32,100
177,45.33,45.33,45.33,45.33,200
215,45.389,45.389,45.389,45.389,118
242,45.41,45.41,45.41,45.41,300
243,45.39,45.39,45.39,45.39,100
274,45.44,45.44,45.44,45.44,100
283,45.44,45.44,45.44,45.44,100
288,45.47,45.47,45.47,45.47,100
305,45.469,45.469,45.469,45.469,102
345,45.44,45.44,45.44,45.44,200
355,45.46,45.46,45.46,45.46,400
358,45.47,45.47,45.47,45.47,105
371,45.461,45.461,45.461,45.461,500
381,45.46,45.47,45.46,45.47,249
a1428327000,45.74,45.74,45.74,45.74,5681
2,45.75,45.75,45.67,45.67,1150
3,45.78,45.78,45.78,45.78,306
6,45.89,45.89,45.89,45.89,759
19,46,46,46,46,301
31,46.07,46.07,46.07,46.07,300
37,46.08,46.08,46.08,46.08,177
41,46.07,46.07,46.07,46.07,300
42,46.06,46.07,46.06,46.07,400
52,46.08,46.08,46.08,46.08,100
53,46.09,46.09,46.09,46.09,457
55,46.07,46.07,46.07,46.07,200
102,46.05,46.05,46.05,46.05,100
116,46.06,46.06,46.06,46.06,117
118,46.03,46.03,46.03,46.03,100
125,46.05,46.05,46.05,46.05,100
131,46.08,46.08,46.08,46.08,1400
132,46.08,46.08,46.08,46.08,1400
133,46.08,46.08,46.08,46.08,1500
138,46.1,46.1,46.08,46.08,400
144,46.06,46.06,46.06,46.06,100
148,46.06,46.06,46.06,46.06,200
156,46.07,46.07,46.07,46.07,100
172,46.09,46.09,46.09,46.09,200
175,46.12,46.12,46.12,46.12,100
178,46.13,46.13,46.13,46.13,195
182,46.14,46.14,46.14,46.14,100
189,46.14,46.14,46.14,46.14,100
196,46.12,46.12,46.11,46.11,1200
219,46.12,46.12,46.12,46.12,200
230,46.14,46.14,46.14,46.14,250
240,46.14,46.14,46.14,46.14,250
243,46.12,46.12,46.12,46.12,200
268,46.1,46.1,46.1,46.1,100
282,46.06,46.07,46.06,46.07,200
311,46.08,46.08,46.08,46.08,168
319,46.06,46.06,46.06,46.06,200
335,46.05,46.07,46.05,46.07,200
341,46,46,46,46,100
342,45.99,45.99,45.99,45.99,1842
351,45.99,45.99,45.99,45.99,155
357,45.99,45.99,45.99,45.99,100
358,45.99,45.99,45.99,45.99,377
359,45.94,45.95,45.94,45.95,200
363,45.96,45.96,45.96,45.96,100
366,45.93,45.93,45.93,45.93,300
375,45.92,45.92,45.92,45.92,100
a1428413400,45.77,45.77,45.77,45.77,1893
6,45.86,45.86,45.86,45.86,100
57,45.86,45.86,45.86,45.86,200
76,45.8,45.8,45.78,45.78,2641
87,45.88,45.88,45.88,45.88,100
123,45.79,45.79,45.79,45.79,200
146,45.81,45.81,45.81,45.81,100
162,45.81,45.81,45.81,45.81,176
181,45.8,45.8,45.8,45.8,200
193,45.78,45.78,45.78,45.78,100
200,45.78,45.78,45.78,45.78,802
203,45.78,45.78,45.78,45.78,100
212,45.82,45.82,45.82,45.82,200
248,45.819,45.819,45.819,45.819,144
250,45.78,45.78,45.78,45.78,100
259,45.78,45.78,45.78,45.78,416
284,45.77,45.77,45.77,45.77,100
288,45.75,45.75,45.75,45.75,100
292,45.7,45.7,45.7,45.7,100
315,45.71,45.71,45.71,45.71,100
325,45.7,45.7,45.7,45.7,200
328,45.7,45.7,45.7,45.7,300
340,45.7,45.7,45.7,45.7,100
381,45.679,45.679,45.679,45.679,750
382,45.679,45.679,45.679,45.679,100
a1428499800,46.32,46.32,46.32,46.32,6155
35,46.42,46.42,46.42,46.42,100
95,46.24,46.24,46.24,46.24,100
140,46.38,46.38,46.38,46.38,300
158,46.35,46.35,46.35,46.35,200
160,46.32,46.32,46.32,46.32,100
180,46.3,46.3,46.3,46.3,250
261,46.36,46.36,46.35,46.35,436
263,46.36,46.36,46.36,46.36,296
274,46.3,46.31,46.3,46.31,400
278,46.3,46.3,46.3,46.3,1032
297,46.36,46.36,46.36,46.36,200
311,46.29,46.29,46.29,46.29,100
329,46.25,46.25,46.25,46.25,100
358,46.28,46.28,46.28,46.28,100
386,46.34,46.34,46.34,46.34,200
390,46.31,46.32,46.31,46.32,620
a1428586200,46.5,46.5,46.5,46.5,3221
5,46.53,46.53,46.53,46.53,100
22,46.5,46.5,46.5,46.5,300
36,46.55,46.55,46.55,46.55,450
49,46.52,46.52,46.52,46.52,100
59,46.51,46.51,46.51,46.51,200
67,46.46,46.46,46.46,46.46,100
80,46.38,46.38,46.38,46.38,0
82,46.42,46.42,46.37,46.37,0
83,46.4,46.4,46.4,46.4,0
